193.575	0.801324
696.26	1.60468
793.048	2.50532
1091.01	3.70731
1385.43	5.60927
1681.87	7.11125
1774.1	8.91186
2173.91	10.0145
2471.37	11.3165
2870.68	12.5192
3168.64	13.7212
3368.81	14.2225
3567.95	14.9238
3767.61	15.5252
4271.31	16.1285
4674.17	16.6312
5077.53	17.0339
5582.24	17.4372
5984.6	18.0399
6895.21	18.346
7704.98	18.5514
8311.04	18.9554
9222.66	19.0615
9628.05	19.0642
10337.5	19.069
11046.4	19.1737
11349.4	19.3757
12058.4	19.4804
12666	19.5845
13173.2	19.4879
13984	19.4933
14388.9	19.596
15098.8	19.5007
15500.7	20.2034
16210.1	20.2081
16819.2	20.0122
17427.3	20.0162
17934	20.0196
18644.5	19.8243
19455.3	19.8297
19860.6	19.8324
20570.6	19.7372
21798.9	17.3454
20584.3	17.0373
19873.3	17.3325
19367.6	17.1292
18759	17.2251
18049.6	17.2204
17542.8	17.217
13895.3	16.9927
13288.7	16.6886
12579.3	16.6839
12072.1	16.7805
11464	16.7765
10957.7	16.6731
10351.7	16.269
9742.58	16.465
9136.52	16.0609
8325.73	16.0555
7923.38	15.4529
6608.9	14.8441
6003.34	14.3401
5598.46	14.2374
5295.94	13.9353
5094.76	13.634
4692.41	13.0313
4594.1	12.4307
3989.56	11.7266
3787.37	11.6253
3689.57	10.9246
3285.7	10.6219
2987.74	9.41995
2588.43	8.21729
2287.93	7.51529
2091.31	6.31398
1793.35	5.11199
1493.87	4.20999
1295.73	3.30867
997.77	2.10669
596.939	1.20401
1402.66	2.20938
1600.28	3.2107
1899.77	4.1127
2301.61	4.81538
2398.91	5.61603
2799.23	6.6187
2996.86	7.62001
3399.72	8.1227
3597.85	9.02402
3798.52	9.42536
4200.36	10.128
4603.73	10.5307
4805.92	10.6321
5106.92	11.2341
5307.08	11.7354
5712.48	11.7381
6115.84	12.1408
6821.73	12.8455
7022.9	13.1469
7426.78	13.4495
7932	13.7529
8943.95	14.0597
9550.52	14.3637
10358.8	14.8691
10765.7	14.5718
11372.3	14.8758
12180	15.4812
12687.2	15.3846
13297.9	14.8887
14006.8	14.9934
14512	15.2968
15223	15.0015
15624.8	15.7042
16333.7	15.8089
16637.8	15.811
17650.8	15.9177
18461.5	15.9231
19374.2	15.8292
19881.4	15.7326
20287.3	15.6353
23747.8	12.7584
23242.1	12.555
22634	12.5509
22024.9	12.7469
21214.7	12.6415
20708.4	12.5381
20201.7	12.5347
19593.6	12.5307
18986	12.4266
18277.1	12.3219
17566.6	12.5171
17160.7	12.6144
16657.5	11.9111
15944.6	12.6063
15439.9	12.203
14731.9	11.8982
14023	11.7935
13516.8	11.6901
12907.2	11.9861
12300.6	11.682
11693.5	11.478
10985.6	11.1733
10683.6	10.7713
10075	10.8672
9264.21	10.8618
8760.01	10.3584
8053.61	9.75372
7548.39	9.45036
7144.02	9.24766
6740.14	8.94497
5932.4	8.33958
5427.69	7.93622
5126.68	7.33421
4723.32	6.93152
4522.14	6.63018
4220.63	6.12817
3919.12	5.62616
3617.61	5.12415
3316.1	4.62214
3014.09	4.22013
2612.24	3.51745
2411.57	3.11611
2211.92	2.51478
1808.55	2.11209
1507.55	1.51008
1002.33	1.20672
599.473	0.70403
1511.6	0.710111
2015.3	1.31347
2418.67	1.71616
3124.56	2.42086
3726.06	3.72487
4233.81	3.52826
4838.35	4.23229
5341.04	5.03564
6148.78	5.64103
6550.12	6.4437
7158.2	6.44776
7864.6	7.05246
8674.88	7.15787
8977.4	7.45988
9482.11	7.86325
9986.82	8.26661
10898.4	8.37269
11505	8.67673
12213.4	8.88146
12620.4	8.58417
13327.8	8.98889
14036.7	9.09361
14339.7	9.29563
15148	9.80102
15655.7	9.60441
16263.8	9.60846
16872.4	9.51252
17478.5	9.91656
18088.6	9.52062
18693.6	10.1247
19097.5	10.4274
19909.8	10.1328
20416.5	10.1361
21123.4	10.6409
21430	10.1429
22340.6	10.449
22848.9	10.1524
23352.6	10.7557
23760	10.3584
24874.8	10.3659
25278.2	10.7686
25785.4	10.6719
26494.4	10.7767
27103	10.6807
27611.7	10.2841
28115.9	10.7875
28928.8	10.3929
29637.2	10.5976
30347.6	10.4024
30651.7	10.4044
31257.7	10.8084
31865.8	10.8125
32574.7	10.9172
33081	11.0206
33589.2	10.724
34195.8	11.028
34312.4	8.02878
33704.3	8.02473
32894.5	7.81933
32388.3	7.71596
31880	8.01257
31272.9	7.80852
30463.2	7.60312
30159.1	7.60109
29042.8	7.89365
28334.3	7.68893
28233	7.68825
27220.5	7.4815
26712.8	7.67812
25700.3	7.47137
25294.4	7.56866
24686.8	7.46461
23976.9	7.55988
23369.3	7.45583
22761.7	7.35178
22358.4	6.94909
21545.6	7.34367
21038.8	7.34029
20330.4	7.13557
19623	6.73085
19316.9	7.12881
18609	6.82409
18102.8	6.72072
17394.3	6.516
16785.8	6.61194
16078.8	6.10723
15469.7	6.30317
15167.2	6.00115
14557.6	6.29708
13952.6	5.69305
13344.5	5.689
12636.6	5.38428
12029	5.28023
11522.2	5.27685
11018	4.77349
10207.8	4.66809
9601.7	4.26405
8996.15	3.76001
8286.71	3.75528
7779.97	3.7519
7173.91	3.34786
6669.2	2.9445
5859.94	2.6391
5353.2	2.63572
4851.53	1.63238
4040.24	1.72697
3434.68	1.22293
3031.32	0.820243
2120.71	0.514172
1716.83	0.211479
1108.75	0.207425
2528.12	0.116888
3135.7	0.220938
3439.24	0.322962
4147.66	0.527685
4957.43	0.733083
5464.68	0.636465
6073.27	0.540522
6478.16	0.643222
7388.26	1.04929
7794.16	0.951995
8502.58	1.15672
8906.96	1.35941
9819.09	1.36549
10119.1	2.16749
10932.4	1.67292
11437.6	1.97628
12044.2	2.28033
13159	2.28776
13766.1	2.49181
14373.7	2.59586
15081.6	2.90058
15387.1	2.60261
15891.9	3.00598
16804	3.01206
17411.1	3.21611
18019.2	3.22016
18626.2	3.42421
19234.8	3.32827
19842.4	3.43232
20551.3	3.53704
20854.9	3.63907
21666.2	3.54447
22373.6	3.94919
22880.3	3.95257
23487.9	4.05662
23995.1	3.96
24601.7	4.26405
25311.6	4.16878
25920.2	4.07284
26526.3	4.47688
27033.5	4.38026
27742.5	4.48498
28857.3	4.49242
29465.9	4.39647
30072.5	4.70052
30882.2	4.90592
31187.8	4.60795
31794.9	4.812
32403.5	4.71606
33213.2	4.92146
33517.3	4.92348
34227.2	4.82822