0.000000000000000000e+00 4.000000000000000000e+00 2.000000000000000000e+00
5.000000000000000278e-02 3.235915400856188118e+00 2.277337353180509893e+00
1.000000000000000056e-01 2.670965783790267167e+00 2.509350816714955634e+00
1.499999999999999944e-01 2.236377892434592507e+00 2.697325933342976434e+00
2.000000000000000111e-01 1.893155941926397690e+00 2.843901440357788690e+00
2.500000000000000000e-01 1.617152748721285782e+00 2.952618749846300794e+00
2.999999999999999889e-01 1.392333809865134775e+00 3.027516470496103285e+00
3.500000000000000333e-01 1.207451005936669430e+00 3.072801977046907496e+00
4.000000000000000222e-01 1.054274863233426895e+00 3.092609045973383708e+00
4.500000000000000111e-01 9.265924124939466378e-01 3.090835526022589264e+00
5.000000000000000000e-01 8.196040653770824136e-01 3.071047366347904095e+00
5.500000000000000444e-01 7.295397699368991740e-01 3.036433090161117399e+00
5.999999999999999778e-01 6.534019714048631133e-01 2.989793807431382788e+00
6.500000000000000222e-01 5.887857172516567372e-01 2.933556382004464336e+00
7.000000000000000666e-01 5.337480976340630567e-01 2.869800281140792109e+00
7.500000000000000000e-01 4.867107580827019775e-01 2.800291326316380225e+00
8.000000000000000444e-01 4.463855293037659044e-01 2.726517775344725614e+00
8.499999999999999778e-01 4.117167897353073425e-01 2.649725848262602490e+00
9.000000000000000222e-01 3.818362784810427901e-01 2.570953016864451435e+00
9.500000000000000666e-01 3.560273677470002784e-01 2.491058202056638304e+00
1.000000000000000000e+00 3.336966337302117447e-01 2.410748559112467770e+00
1.050000000000000044e+00 3.143511218821875008e-01 2.330602860627735140e+00
1.100000000000000089e+00 2.975800913772188028e-01 2.251091675383074531e+00
1.150000000000000133e+00 2.830403043625923654e-01 2.172594636600002627e+00
1.199999999999999956e+00 2.704441336474650570e-01 2.095415129459453851e+00
1.250000000000000000e+00 2.595499198038974664e-01 2.019792728683672767e+00
1.300000000000000044e+00 2.501541293273005229e-01 1.945913698018196802e+00
1.350000000000000089e+00 2.420849590341188073e-01 1.873919834578376964e+00
1.400000000000000133e+00 2.351971049056131025e-01 1.803915908429008841e+00
1.449999999999999956e+00 2.293674709172096871e-01 1.735975915100618439e+00
1.500000000000000000e+00 2.244916385787066038e-01 1.670148328026530571e+00
1.550000000000000044e+00 2.204809536362033195e-01 1.606460510093450367e+00
1.600000000000000089e+00 2.172601147062638016e-01 1.544922418988321500e+00
1.650000000000000133e+00 2.147651711135085129e-01 1.485529719783724723e+00
1.699999999999999956e+00 2.129418551185548181e-01 1.428266400023139315e+00
1.750000000000000000e+00 2.117441880179206648e-01 1.373106967142242230e+00
1.800000000000000044e+00 2.111333110266812585e-01 1.320018295057869162e+00
1.850000000000000089e+00 2.110765010119547425e-01 1.268961175841470279e+00
1.900000000000000133e+00 2.115463384981355888e-01 1.219891623261315949e+00
1.949999999999999956e+00 2.125200012819689066e-01 1.172761967351799273e+00
2.000000000000000000e+00 2.139786617685069392e-01 1.127521772808063316e+00
2.049999999999999822e+00 2.159069699985260160e-01 1.084118608702630659e+00
2.100000000000000089e+00 2.182926074671967254e-01 1.042498692601790067e+00
2.149999999999999911e+00 2.211258993783064564e-01 1.002607428474896700e+00
2.200000000000000178e+00 2.243994750541735972e-01 9.643898547152965905e-01
2.250000000000000000e+00 2.281079679212858202e-01 9.277910160239343229e-01
2.300000000000000266e+00 2.322477478899512837e-01 8.927562707597399561e-01
2.350000000000000089e+00 2.368166801025754220e-01 8.592315435634513276e-01
2.399999999999999911e+00 2.418139049877153501e-01 8.271635315545091682e-01
2.450000000000000178e+00 2.472396353647292322e-01 7.964998711352576644e-01
2.500000000000000000e+00 2.530949670282099939e-01 7.671892713724852708e-01
2.550000000000000266e+00 2.593816998281051056e-01 7.391816190298726719e-01
2.600000000000000089e+00 2.661021667713371897e-01 7.124280595685305029e-01
2.649999999999999911e+00 2.732590691208054423e-01 6.868810577935493544e-01
2.700000000000000178e+00 2.808553158715511033e-01 6.624944412833088103e-01
2.750000000000000000e+00 2.888938663525827399e-01 6.392234292794272132e-01
2.800000000000000266e+00 2.973775750450009525e-01 6.170246493255017173e-01
2.850000000000000089e+00 3.063090380291874637e-01 5.958561436112767007e-01
2.899999999999999911e+00 3.156904407806380153e-01 5.756773666964474234e-01
2.950000000000000178e+00 3.255234073285498964e-01 5.564491760473337933e-01
3.000000000000000000e+00 3.358088510749286937e-01 5.381338166137663581e-01
3.050000000000000266e+00 3.465468278447629280e-01 5.206949004973754347e-01
3.100000000000000089e+00 3.577363919982636253e-01 5.040973826115568990e-01
3.149999999999999911e+00 3.693754566816035978e-01 4.883075331039552491e-01
3.200000000000000178e+00 3.814606595191478156e-01 4.732929072011543004e-01
3.250000000000000000e+00 3.939872352529822375e-01 4.590223130397290130e-01
3.300000000000000266e+00 4.069488970089581437e-01 4.454657779656105432e-01
3.350000000000000089e+00 4.203377280062761123e-01 4.325945137129229567e-01
3.399999999999999911e+00 4.341440856233355072e-01 4.203808808124633312e-01
3.450000000000000178e+00 4.483565197798324298e-01 4.087983525273871099e-01
3.500000000000000000e+00 4.629617075879763344e-01 3.978214785682849253e-01
3.550000000000000266e+00 4.779444061592168502e-01 3.874258488006775414e-01
3.600000000000000089e+00 4.932874253233530681e-01 3.775880571241441719e-01
3.649999999999999911e+00 5.089716218223840904e-01 3.682856656731177680e-01
3.700000000000000178e+00 5.249759162821120428e-01 3.594971694641871940e-01
3.750000000000000000e+00 5.412773339429149955e-01 3.512019615930075944e-01
3.800000000000000266e+00 5.578510697524359241e-01 3.433802990651700915e-01
3.850000000000000089e+00 5.746705779950923576e-01 3.360132693292178230e-01
3.899999999999999911e+00 5.917076861667983634e-01 3.290827575660822957e-01
3.950000000000000178e+00 6.089327323110189649e-01 3.225714147772408280e-01
4.000000000000000000e+00 6.263147245291604825e-01 3.164626267036256269e-01
4.049999999999999822e+00 6.438215208807138712e-01 3.107404835985004832e-01
4.099999999999999645e+00 6.614200274136251556e-01 3.053897508699985330e-01
4.150000000000000355e+00 6.790764116302512310e-01 3.003958406025892258e-01
4.200000000000000178e+00 6.967563283152190534e-01 2.957447839612931118e-01
4.250000000000000000e+00 7.144251543432195151e-01 2.914232044778479747e-01
4.299999999999999822e+00 7.320482288594107878e-01 2.874182922141436669e-01
4.350000000000000533e+00 7.495910950917468174e-01 2.837177787950012631e-01
4.400000000000000355e+00 7.670197400187390713e-01 2.803099132996658138e-01
4.450000000000000178e+00 7.843008281793450998e-01 2.771834389991725267e-01
4.500000000000000000e+00 8.014019260715673498e-01 2.743275709249386463e-01
4.549999999999999822e+00 8.182917138365111143e-01 2.717319742524901272e-01
4.600000000000000533e+00 8.349401812553681745e-01 2.693867434831061503e-01
4.650000000000000355e+00 8.513188054852804942e-01 2.672823824052981134e-01
4.700000000000000178e+00 8.674007084112573818e-01 2.654097848174111207e-01
4.750000000000000000e+00 8.831607919788041494e-01 2.637602159922035616e-01
4.799999999999999822e+00 8.985758503785631346e-01 2.623252948640037441e-01
4.850000000000000533e+00 9.136246584630907108e-01 2.610969769189204759e-01
4.900000000000000355e+00 9.282880362710076438e-01 2.600675377685975898e-01
4.950000000000000178e+00 9.425488900007736870e-01 2.592295573881117643e-01
5.000000000000000000e+00 9.563922302030141154e-01 2.585759049988105018e-01
5.049999999999999822e+00 9.698051683370031428e-01 2.580997245771556314e-01
5.100000000000000533e+00 9.827768931564585531e-01 2.577944209709683299e-01
5.150000000000000355e+00 9.952986286479904576e-01 2.576536466048433005e-01
5.200000000000000178e+00 1.007363575440595405e+00 2.576712887569129751e-01
5.250000000000000000e+00 1.018966837737289133e+00 2.578414573895785877e-01
5.299999999999999822e+00 1.030105337893016948e+00 2.581584735172862688e-01
5.350000000000000533e+00 1.040777720780954541e+00 2.586168580948958184e-01
5.400000000000000355e+00 1.050984250057978242e+00 2.592113214106667729e-01
5.450000000000000178e+00 1.060726698366161402e+00 2.599367529683683231e-01
5.500000000000000000e+00 1.070008233397854447e+00 2.607882118434944330e-01
5.549999999999999822e+00 1.078833301614648077e+00 2.617609174990326859e-01
5.600000000000000533e+00 1.087207511252461289e+00 2.628502410467011274e-01
5.650000000000000355e+00 1.095137516073025008e+00 2.640516969400038549e-01
5.700000000000000178e+00 1.102630901142372055e+00 2.653609350858928684e-01
5.750000000000000000e+00 1.109696071735159828e+00 2.667737333622339779e-01
5.799999999999999822e+00 1.116342146284394321e+00 2.682859905286637536e-01
5.850000000000000533e+00 1.122578854123423842e+00 2.698937195188018667e-01
5.900000000000000355e+00 1.128416438603900618e+00 2.715930411021253987e-01
5.950000000000000178e+00 1.133865566022183469e+00 2.733801779041473701e-01
6.000000000000000000e+00 1.138937240648885796e+00 2.752514487738391691e-01
6.049999999999999822e+00 1.143642726033000434e+00 2.772032634875180590e-01
6.100000000000000533e+00 1.147993472643579649e+00 2.792321177786815656e-01
6.150000000000000355e+00 1.152001051818356769e+00 2.813345886835010301e-01
6.200000000000000178e+00 1.155677095909445340e+00 2.835073301918998867e-01
6.250000000000000000e+00 1.159033244450711209e+00 2.857470691943317931e-01
6.299999999999999822e+00 1.162081096118602108e+00 2.880506017145386122e-01
6.350000000000000533e+00 1.164832166217096177e+00 2.904147894187202872e-01
6.400000000000000355e+00 1.167297849386828679e+00 2.928365563916737746e-01
6.450000000000000178e+00 1.169489387217218956e+00 2.953128861705677233e-01
6.500000000000000000e+00 1.171417840427299684e+00 2.978408190271142897e-01
6.549999999999999822e+00 1.173094065274867814e+00 3.004174494889746971e-01
6.600000000000000533e+00 1.174528693853405192e+00 3.030399240913010384e-01
6.650000000000000355e+00 1.175732117940961441e+00 3.057054393493683908e-01
6.700000000000000178e+00 1.176714476073868143e+00 3.084112399432856200e-01
6.750000000000000000e+00 1.177485643530023829e+00 3.111546171058132138e-01
6.799999999999999822e+00 1.178055224920745658e+00 3.139329072043356428e-01
6.850000000000000533e+00 1.178432549106140703e+00 3.167434905080548369e-01
6.900000000000000355e+00 1.178626666166156856e+00 3.195837901314848017e-01
6.950000000000000178e+00 1.178646346177350424e+00 3.224512711453498270e-01
7.000000000000000000e+00 1.178500079563586489e+00 3.253434398459855714e-01
7.049999999999999822e+00 1.178196078807075109e+00 3.282578431743747860e-01
7.100000000000000533e+00 1.177742281324009710e+00 3.311920682759512125e-01
7.150000000000000355e+00 1.177146353326457007e+00 3.341437421923469930e-01
7.200000000000000178e+00 1.176415694508851306e+00 3.371105316762665338e-01
7.250000000000000000e+00 1.175557443413388192e+00 3.400901431207307701e-01
7.299999999999999822e+00 1.174578483343647672e+00 3.430803225939645928e-01
7.350000000000000533e+00 1.173485448709935985e+00 3.460788559712722479e-01
7.400000000000000355e+00 1.172284731703003846e+00 3.490835691553082487e-01
7.450000000000000178e+00 1.170982489205016686e+00 3.520923283762383282e-01
7.500000000000000000e+00 1.169584649857944081e+00 3.551030405633840425e-01
7.549999999999999822e+00 1.168096921219857531e+00 3.581136537800544972e-01
7.600000000000000533e+00 1.166524796949058418e+00 3.611221577133994498e-01
7.650000000000000355e+00 1.164873563964560654e+00 3.641265842112639262e-01
7.700000000000000178e+00 1.163148309539179248e+00 3.671250078581813070e-01
7.750000000000000000e+00 1.161353928288490600e+00 3.701155465828233071e-01
7.799999999999999822e+00 1.159495129025171378e+00 3.730963622894198362e-01
7.850000000000000533e+00 1.157576441453840088e+00 3.760656615058703411e-01
7.900000000000000355e+00 1.155602222686467950e+00 3.790216960414957148e-01
7.950000000000000178e+00 1.153576663562846161e+00 3.819627636476264909e-01
8.000000000000000000e+00 1.151503794764452637e+00 3.848872086744768994e-01
8.050000000000000711e+00 1.149387492713451753e+00 3.877934227180321325e-01
8.099999999999999645e+00 1.147231485251512195e+00 3.906798452509590014e-01
8.150000000000000355e+00 1.145039357095683830e+00 3.935449642318520902e-01
8.199999999999999289e+00 1.142814555070757576e+00 3.963873166874409826e-01
8.250000000000000000e+00 1.140560393119420590e+00 3.992054892627017182e-01
8.300000000000000711e+00 1.138280057093075781e+00 4.019981187341519768e-01
8.349999999999999645e+00 1.135976609327542963e+00 4.047638924819456641e-01
8.400000000000000355e+00 1.133652993008919863e+00 4.075015489167332361e-01
8.449999999999999289e+00 1.131312036335787807e+00 4.102098778575986593e-01
8.500000000000000000e+00 1.128956456484636384e+00 4.128877208577495517e-01
8.550000000000000711e+00 1.126588863385919570e+00 4.155339714749820001e-01
8.599999999999999645e+00 1.124211763318573531e+00 4.181475754843123616e-01
8.650000000000000355e+00 1.121827562331080941e+00 4.207275310305153559e-01
8.700000000000001066e+00 1.119438569497364311e+00 4.232728887186680278e-01
8.750000000000000000e+00 1.117047000015827907e+00 4.257827516411537561e-01
8.800000000000000711e+00 1.114654978159920873e+00 4.282562753399138389e-01
8.849999999999999645e+00 1.112264540088478304e+00 4.306926677030895600e-01
8.900000000000000355e+00 1.109877636523985966e+00 4.330911887955171125e-01
8.950000000000001066e+00 1.107496135306752727e+00 4.354511506228618267e-01
9.000000000000000000e+00 1.105121823832739603e+00 4.377719168294946228e-01
9.050000000000000711e+00 1.102756411382558310e+00 4.400529023305064791e-01
9.099999999999999645e+00 1.100401531348877304e+00 4.422935728785500897e-01
9.150000000000000355e+00 1.098058743369178636e+00 4.444934445664644462e-01
9.200000000000001066e+00 1.095729535370510321e+00 4.466520832669033103e-01
9.250000000000000000e+00 1.093415325532537397e+00 4.487691040104301310e-01
9.300000000000000711e+00 1.091117464174904406e+00 4.508441703037698312e-01
9.349999999999999645e+00 1.088837235574558138e+00 4.528769933901183875e-01
9.400000000000000355e+00 1.086575859718376114e+00 4.548673314536110790e-01
9.450000000000001066e+00 1.084334493996113480e+00 4.568149887702236400e-01
9.500000000000000000e+00 1.082114234838349454e+00 4.587198148075437021e-01
9.550000000000000711e+00 1.079916119303811373e+00 4.605817032759961238e-01
9.599999999999999645e+00 1.077741126620143319e+00 4.624005911342274344e-01
9.650000000000000355e+00 1.075590179681881420e+00 4.641764575514695235e-01
9.700000000000001066e+00 1.073464146509119033e+00 4.659093228297906397e-01
9.750000000000000000e+00 1.071363841670055717e+00 4.675992472892229190e-01
9.800000000000000711e+00 1.069290027670371179e+00 4.692463301188124492e-01
9.849999999999999645e+00 1.067243416312090742e+00 4.708507081966786245e-01
9.900000000000000355e+00 1.065224670024392362e+00 4.724125548822066256e-01
9.950000000000001066e+00 1.063234403168560549e+00 4.739320787835042403e-01
1.000000000000000000e+01 1.061273183319066060e+00 4.754095225032551331e-01
1.005000000000000071e+01 1.059341532522569240e+00 4.768451613660877331e-01
1.009999999999999964e+01 1.057439928536431095e+00 4.782393021305547109e-01
1.015000000000000036e+01 1.055568806048152508e+00 4.795922816887768225e-01
1.020000000000000107e+01 1.053728557876980831e+00 4.809044657567531078e-01
1.025000000000000000e+01 1.051919536158774982e+00 4.821762475582881957e-01
1.030000000000000071e+01 1.050142053515070284e+00 4.834080465054075848e-01
1.034999999999999964e+01 1.048396384207159970e+00 4.846003068780608825e-01
1.040000000000000036e+01 1.046682765275863458e+00 4.857534965058241117e-01
1.045000000000000107e+01 1.045001397667578935e+00 4.868681054542165487e-01
1.050000000000000000e+01 1.043352447347063450e+00 4.879446447181526314e-01
1.055000000000000071e+01 1.041736046397331084e+00 4.889836449249417294e-01
1.059999999999999964e+01 1.040152294106957198e+00 4.899856550491369367e-01
1.065000000000000036e+01 1.038601258044998810e+00 4.909512411414223010e-01
1.070000000000000107e+01 1.037082975123674089e+00 4.918809850736132749e-01
1.075000000000000000e+01 1.035597452648878036e+00 4.927754833017189973e-01
1.080000000000000071e+01 1.034144669358573854e+00 4.936353456488988267e-01
1.084999999999999964e+01 1.032724576449022491e+00 4.944611941100220953e-01
1.090000000000000036e+01 1.031337098588794188e+00 4.952536616794149804e-01
1.095000000000000107e+01 1.029982134920459647e+00 4.960133912032567705e-01
1.100000000000000000e+01 1.028659560049828503e+00 4.967410342579661187e-01
1.105000000000000071e+01 1.027369225022575439e+00 4.974372500557914800e-01
1.109999999999999964e+01 1.026110958288075636e+00 4.981027043787098485e-01
1.115000000000000036e+01 1.024884566650242634e+00 4.987380685416051840e-01
1.120000000000000107e+01 1.023689836205167625e+00 4.993440183856005521e-01
1.125000000000000000e+01 1.022526533265327497e+00 4.999212333022866050e-01
1.130000000000000071e+01 1.021394405270134920e+00 5.004703952894927754e-01
1.134999999999999964e+01 1.020293181682593753e+00 5.009921880391378091e-01
1.140000000000000036e+01 1.019222574871825771e+00 5.014872960575854632e-01
1.145000000000000107e+01 1.018182280981223098e+00 5.019564038188442101e-01
1.150000000000000000e+01 1.017171980782004326e+00 5.024001949508485332e-01
1.155000000000000071e+01 1.016191340511936270e+00 5.028193514549653687e-01
1.159999999999999964e+01 1.015240012698995553e+00 5.032145529587893629e-01
1.165000000000000036e+01 1.014317636969767733e+00 5.035864760022010778e-01
1.170000000000000107e+01 1.013423840842358592e+00 5.039357933565931091e-01
1.175000000000000000e+01 1.012558240503635520e+00 5.042631733770840397e-01
1.180000000000000071e+01 1.011720441570604700e+00 5.045692793874829718e-01
1.184999999999999964e+01 1.010910039835758667e+00 5.048547690976917801e-01
1.190000000000000036e+01 1.010126621996220608e+00 5.051202940531807073e-01
1.195000000000000107e+01 1.009369766366552401e+00 5.053664991161112008e-01
1.200000000000000000e+01 1.008639043575084271e+00 5.055940219776310363e-01
1.205000000000000071e+01 1.007934017243651281e+00 5.058034927008201453e-01
1.209999999999999964e+01 1.007254244650624075e+00 5.059955332937140504e-01
1.215000000000000036e+01 1.006599277377157264e+00 5.061707573118114922e-01
1.220000000000000107e+01 1.005968661936569752e+00 5.063297694894093315e-01
1.225000000000000000e+01 1.005361940386806374e+00 5.064731653991075833e-01
1.230000000000000071e+01 1.004778650925931993e+00 5.066015311387757070e-01
1.234999999999999964e+01 1.004218328470625421e+00 5.067154430452528446e-01
1.240000000000000036e+01 1.003680505217672714e+00 5.068154674340450416e-01
1.245000000000000107e+01 1.003164711188449409e+00 5.069021603642492879e-01
1.250000000000000000e+01 1.002670474756418795e+00 5.069760674279238932e-01
1.255000000000000071e+01 1.002197323157666853e+00 5.070377235631277069e-01
1.259999999999999964e+01 1.001744782984528737e+00 5.070876528898112801e-01
1.265000000000000036e+01 1.001312380662367607e+00 5.071263685677701583e-01
1.270000000000000107e+01 1.000899642909573117e+00 5.071543726758446224e-01
1.275000000000000000e+01 1.000506097180884568e+00 5.071721561115541954e-01
1.280000000000000071e+01 1.000131272094119561e+00 5.071801985103616683e-01
1.284999999999999964e+01 9.997746978404443707e-01 5.071789681837542973e-01
1.290000000000000036e+01 9.994359065783007257e-01 5.071689220753456961e-01
1.295000000000000107e+01 9.991144328111389861e-01 5.071505057341950673e-01
1.300000000000000000e+01 9.988098137491100426e-01 5.071241533045646177e-01
1.305000000000000071e+01 9.985215896548760295e-01 5.070902875313268998e-01
1.309999999999999964e+01 9.982493041737252604e-01 5.070493197802621310e-01
1.315000000000000036e+01 9.979925046481722406e-01 5.070016500724847663e-01
1.320000000000000107e+01 9.977507424172441519e-01 5.069476671322591388e-01
1.325000000000000000e+01 9.975235731006646400e-01 5.068877484474734185e-01
1.330000000000000071e+01 9.973105568681500666e-01 5.068222603420639016e-01
1.334999999999999964e+01 9.971112586940479305e-01 5.067515580596800850e-01
1.340000000000000036e+01 9.969252485975532707e-01 5.066759858579249487e-01
1.345000000000000107e+01 9.967521018687490741e-01 5.065958771124940974e-01
1.350000000000000000e+01 9.965913992807221566e-01 5.065115544305706097e-01
1.355000000000000071e+01 9.964427272880163056e-01 5.064233297728512051e-01
1.359999999999999964e+01 9.963056782116902488e-01 5.063315045835851125e-01
1.365000000000000036e+01 9.961798504112513442e-01 5.062363699280431062e-01
1.370000000000000107e+01 9.960648484437478745e-01 5.061382066368349530e-01
1.375000000000000000e+01 9.959602832103077175e-01 5.060372854565282630e-01
1.380000000000000071e+01 9.958657720904048327e-01 5.059338672060302855e-01
1.384999999999999964e+01 9.957809390641583214e-01 5.058282029382142886e-01
1.390000000000000036e+01 9.957054148229579349e-01 5.057205341062988024e-01
1.395000000000000107e+01 9.956388368687220103e-01 5.056110927344948935e-01
1.400000000000000000e+01 9.955808496020889242e-01 5.055001015924692753e-01
1.405000000000000071e+01 9.955311043998568143e-01 5.053877743731708394e-01
1.409999999999999964e+01 9.954892596819781003e-01 5.052743158736124895e-01
1.415000000000000036e+01 9.954549809684216655e-01 5.051599221781886140e-01
1.420000000000000107e+01 9.954279409262215550e-01 5.050447808441500541e-01
1.425000000000000000e+01 9.954078194070224983e-01 5.049290710888667544e-01
1.430000000000000071e+01 9.953943034754362262e-01 5.048129639785190470e-01
1.434999999999999964e+01 9.953870874285305481e-01 5.046966226178901671e-01
1.440000000000000036e+01 9.953858728067609407e-01 5.045802023409350356e-01
1.445000000000000107e+01 9.953903683966616178e-01 5.044638509018266603e-01
1.450000000000000000e+01 9.954002902256070540e-01 5.043477086661874997e-01
1.455000000000000071e+01 9.954153615489593765e-01 5.042319088022395590e-01
1.459999999999999964e+01 9.954353128299080478e-01 5.041165774716109826e-01
1.465000000000000036e+01 9.954598817123103682e-01 5.040018340195624447e-01
1.470000000000000107e+01 9.954888129868384450e-01 5.038877911643964147e-01
1.475000000000000000e+01 9.955218585507334961e-01 5.037745551858451298e-01
1.480000000000000071e+01 9.955587773614699154e-01 5.036622261122236655e-01
1.484999999999999964e+01 9.955993353846160909e-01 5.035508979061705803e-01
1.490000000000000036e+01 9.956433055361939566e-01 5.034406586487906177e-01
1.495000000000000107e+01 9.956904676198166104e-01 5.033315907220397012e-01
1.500000000000000000e+01 9.957406082588889928e-01 5.032237709891996813e-01
1.505000000000000071e+01 9.957935208241533998e-01 5.031172709732962822e-01
1.509999999999999964e+01 9.958490053568465061e-01 5.030121570333337955e-01
1.515000000000000036e+01 9.959068684877436795e-01 5.029084905382227300e-01
1.520000000000000107e+01 9.959669233523494869e-01 5.028063280382907285e-01
1.525000000000000000e+01 9.960289895024903029e-01 5.027057214342723901e-01
1.530000000000000071e+01 9.960928928145680317e-01 5.026067181436920661e-01
1.534999999999999964e+01 9.961584653947133106e-01 5.025093612645440411e-01
1.540000000000000036e+01 9.962255454810853283e-01 5.024136897362083687e-01
1.545000000000000107e+01 9.962939773435487423e-01 5.023197384975234270e-01
1.550000000000000000e+01 9.963636111809573981e-01 5.022275386419614573e-01
1.555000000000000071e+01 9.964343030162663428e-01 5.021371175698533529e-01
1.559999999999999964e+01 9.965059145896919546e-01 5.020484991376140682e-01
1.565000000000000036e+01 9.965783132501213615e-01 5.019617038039331236e-01
1.570000000000000107e+01 9.966513718449835357e-01 5.018767487728954535e-01
1.575000000000000000e+01 9.967249686087741312e-01 5.017936481340032895e-01
1.580000000000000071e+01 9.967989870504235794e-01 5.017124129990851999e-01
1.584999999999999964e+01 9.968733158396948513e-01 5.016330516360647529e-01
1.590000000000000036e+01 9.969478486927870753e-01 5.015555695995904673e-01
1.595000000000000107e+01 9.970224842573147672e-01 5.014799698585119536e-01
1.600000000000000000e+01 9.970971259968290923e-01 5.014062529202014673e-01
1.605000000000000071e+01 9.971716820750398114e-01 5.013344169517301996e-01
1.610000000000000142e+01 9.972460652398832393e-01 5.012644578978975307e-01
1.614999999999999858e+01 9.973201927075907580e-01 5.011963695961303422e-01
1.619999999999999929e+01 9.973939860468898910e-01 5.011301438882631576e-01
1.625000000000000000e+01 9.974673710634731627e-01 5.010657707292170970e-01
1.630000000000000071e+01 9.975402776848638631e-01 5.010032382925964090e-01
1.635000000000000142e+01 9.976126398457909605e-01 5.009425330732321102e-01
1.639999999999999858e+01 9.976843953741999504e-01 5.008836399866916089e-01
1.644999999999999929e+01 9.977554858779990044e-01 5.008265424657890597e-01
1.650000000000000000e+01 9.978258566326443368e-01 5.007712225541216533e-01
1.655000000000000071e+01 9.978954564696675966e-01 5.007176609966716985e-01
1.660000000000000142e+01 9.979642376662322123e-01 5.006658373275042484e-01
1.664999999999999858e+01 9.980321558358066225e-01 5.006157299546022399e-01
1.669999999999999929e+01 9.980991698200326612e-01 5.005673162418723399e-01
1.675000000000000000e+01 9.981652415818713653e-01 5.005205725883680179e-01
1.680000000000000071e+01 9.982303361000887110e-01 5.004754745047699238e-01
1.685000000000000142e+01 9.982944212651538862e-01 5.004319966871613179e-01
1.689999999999999858e+01 9.983574677766071659e-01 5.003901130881533987e-01
1.694999999999999929e+01 9.984194490419555645e-01 5.003497969853958338e-01
1.700000000000000000e+01 9.984803410771453391e-01 5.003110210475245623e-01
1.705000000000000071e+01 9.985401224086613015e-01 5.002737573975941654e-01
1.710000000000000142e+01 9.985987739772967942e-01 5.002379776740373263e-01
1.715000000000000213e+01 9.986562790436287473e-01 5.002036530892082222e-01
1.719999999999999929e+01 9.987126230952383388e-01 5.001707544855514831e-01
1.725000000000000000e+01 9.987677937557024599e-01 5.001392523894486741e-01
1.730000000000000071e+01 9.988217806953882949e-01 5.001091170627962601e-01
1.735000000000000142e+01 9.988745755440722185e-01 5.000803185523562400e-01
1.740000000000000213e+01 9.989261718054029959e-01 5.000528267369405144e-01
1.744999999999999929e+01 9.989765647732289366e-01 5.000266113724674000e-01
1.750000000000000000e+01 9.990257514497971059e-01 5.000016421349520179e-01
1.755000000000000071e+01 9.990737304658430240e-01 4.999778886614748563e-01
1.760000000000000142e+01 9.991205020025727412e-01 4.999553205891793528e-01
1.765000000000000213e+01 9.991660677155423942e-01 4.999339075923490694e-01
1.769999999999999929e+01 9.992104306604431274e-01 4.999136194176161396e-01
1.775000000000000000e+01 9.992535952207841632e-01 4.998944259173488947e-01
1.780000000000000071e+01 9.992955670374752408e-01 4.998762970812670181e-01
1.785000000000000142e+01 9.993363529403046508e-01 4.998592030663381869e-01
1.790000000000000213e+01 9.993759608813002071e-01 4.998431142249993298e-01
1.794999999999999929e+01 9.994143998699721587e-01 4.998280011317552951e-01
1.800000000000000000e+01 9.994516799104192772e-01 4.998138346081986150e-01
1.805000000000000071e+01 9.994878119402890171e-01 4.998005857465027124e-01
1.810000000000000142e+01 9.995228077715778703e-01 4.997882259314302966e-01
1.815000000000000213e+01 9.995566800332521540e-01 4.997767268609090707e-01
1.819999999999999929e+01 9.995894421156742427e-01 4.997660605652144428e-01
1.825000000000000000e+01 9.996211081168151491e-01 4.997561994248089778e-01
1.830000000000000071e+01 9.996516927902303618e-01 4.997471161868806133e-01
1.835000000000000142e+01 9.996812114947785100e-01 4.997387839806258780e-01
1.840000000000000213e+01 9.997096801460612081e-01 4.997311763313181388e-01
1.844999999999999929e+01 9.997371151695590985e-01 4.997242671732067820e-01
1.850000000000000000e+01 9.997635334554363373e-01 4.997180308612869659e-01
1.855000000000000071e+01 9.997889523149927626e-01 4.997124421819822970e-01
1.860000000000000142e+01 9.998133894387342124e-01 4.997074763627796790e-01
1.865000000000000213e+01 9.998368628560299065e-01 4.997031090808577991e-01
1.869999999999999929e+01 9.998593908963383514e-01 4.996993164707463908e-01
1.875000000000000000e+01 9.998809921519637989e-01 4.996960751310547955e-01
1.880000000000000071e+01 9.999016854423189438e-01 4.996933621303095707e-01
1.885000000000000142e+01 9.999214897796598889e-01 4.996911550119336742e-01
1.890000000000000213e+01 9.999404243362712830e-01 4.996894317984068024e-01
1.894999999999999929e+01 9.999585084130615531e-01 4.996881709946401351e-01
1.900000000000000000e+01 9.999757614095456937e-01 4.996873515906000152e-01
1.905000000000000071e+01 9.999922027951775316e-01 4.996869530632139789e-01
1.910000000000000142e+01 1.000007852082006155e+00 4.996869553775939443e-01
1.915000000000000213e+01 1.000022728798623861e+00 4.996873389876042570e-01
1.919999999999999929e+01 1.000036852465371773e+00 4.996880848358110638e-01
1.925000000000000000e+01 1.000050242570774239e+00 4.996891743528373842e-01
1.930000000000000071e+01 1.000062918549169400e+00 4.996905894561598505e-01
1.935000000000000142e+01 1.000074899759507252e+00 4.996923125483722639e-01
1.940000000000000213e+01 1.000086205465276823e+00 4.996943265149427216e-01
1.944999999999999929e+01 1.000096854815546887e+00 4.996966147214957910e-01
1.950000000000000000e+01 1.000106866827063845e+00 4.996991610106437665e-01
1.955000000000000071e+01 1.000116260367408305e+00 4.997019496983923226e-01
1.960000000000000142e+01 1.000125054139149983e+00 4.997049655701474302e-01
1.965000000000000213e+01 1.000133266664985365e+00 4.997081938763455744e-01
1.969999999999999929e+01 1.000140916273833724e+00 4.997116203277335300e-01
1.975000000000000000e+01 1.000148021087845285e+00 4.997152310903185679e-01
1.980000000000000071e+01 1.000154599010307788e+00 4.997190127800115733e-01
1.985000000000000142e+01 1.000160667714409479e+00 4.997229524569851145e-01
1.990000000000000213e+01 1.000166244632845647e+00 4.997270376197669450e-01
1.994999999999999929e+01 1.000171346948219853e+00 4.997312561990882585e-01
