5.000000000000000000e+01 3.588399887084960938e+00
6.000000000000000000e+01 1.170270681381225586e+00
7.000000000000000000e+01 9.838205575942993164e-01
7.100000000000000000e+01 9.330227971076965332e-01
7.200000000000000000e+01 9.301156997680664062e-01
7.300000000000000000e+01 9.288453459739685059e-01
7.400000000000000000e+01 9.270240664482116699e-01
7.500000000000000000e+01 9.255797863006591797e-01
7.600000000000000000e+01 9.239645004272460938e-01
7.700000000000000000e+01 9.225336313247680664e-01
7.800000000000000000e+01 9.197325706481933594e-01
7.900000000000000000e+01 9.168470501899719238e-01
8.000000000000000000e+01 9.155835509300231934e-01
8.200000000000000000e+01 9.151495695114135742e-01
8.300000000000000000e+01 9.145511984825134277e-01
8.400000000000000000e+01 9.143972992897033691e-01
8.500000000000000000e+01 9.120720624923706055e-01
8.600000000000000000e+01 9.105473756790161133e-01
8.700000000000000000e+01 9.100494384765625000e-01
8.900000000000000000e+01 9.097931981086730957e-01
9.000000000000000000e+01 9.073973298072814941e-01
9.100000000000000000e+01 9.052032828330993652e-01
9.200000000000000000e+01 9.046087265014648438e-01
9.300000000000000000e+01 9.044366478919982910e-01
9.400000000000000000e+01 9.034119248390197754e-01
9.600000000000000000e+01 9.019371271133422852e-01
9.700000000000000000e+01 8.994184136390686035e-01
9.800000000000000000e+01 8.970330953598022461e-01
9.900000000000000000e+01 8.959203958511352539e-01
1.000000000000000000e+02 8.944145441055297852e-01
1.010000000000000000e+02 8.941809535026550293e-01
1.020000000000000000e+02 8.902767300605773926e-01
1.030000000000000000e+02 8.857650160789489746e-01
1.040000000000000000e+02 8.843136429786682129e-01
1.050000000000000000e+02 8.836719989776611328e-01
1.060000000000000000e+02 8.810271620750427246e-01
1.070000000000000000e+02 8.805993795394897461e-01
1.090000000000000000e+02 8.810033798217773438e-01
1.100000000000000000e+02 8.786605596542358398e-01
1.110000000000000000e+02 8.781160712242126465e-01
1.120000000000000000e+02 8.773586750030517578e-01
1.130000000000000000e+02 8.733570575714111328e-01
1.140000000000000000e+02 8.725240826606750488e-01
1.150000000000000000e+02 8.696599006652832031e-01
1.160000000000000000e+02 8.679261207580566406e-01
1.180000000000000000e+02 8.646969795227050781e-01
1.190000000000000000e+02 8.633415699005126953e-01
1.200000000000000000e+02 8.618848919868469238e-01
1.210000000000000000e+02 8.602697849273681641e-01
1.220000000000000000e+02 8.592013716697692871e-01
1.240000000000000000e+02 8.592303395271301270e-01
1.250000000000000000e+02 8.580501079559326172e-01
1.260000000000000000e+02 8.560515046119689941e-01
1.270000000000000000e+02 8.546923995018005371e-01
1.280000000000000000e+02 8.543205857276916504e-01
1.290000000000000000e+02 8.515260219573974609e-01
1.300000000000000000e+02 8.485651016235351562e-01
1.310000000000000000e+02 8.477712273597717285e-01
1.320000000000000000e+02 8.450852632522583008e-01
1.330000000000000000e+02 8.446657657623291016e-01
1.340000000000000000e+02 8.441030979156494141e-01
1.350000000000000000e+02 8.417814373970031738e-01
1.360000000000000000e+02 8.397153019905090332e-01
1.370000000000000000e+02 8.387532234191894531e-01
1.380000000000000000e+02 8.380816578865051270e-01
1.390000000000000000e+02 8.361763358116149902e-01
1.400000000000000000e+02 8.344189524650573730e-01
1.410000000000000000e+02 8.336240649223327637e-01
1.420000000000000000e+02 8.332062363624572754e-01
1.430000000000000000e+02 8.328109979629516602e-01
1.440000000000000000e+02 8.323395252227783203e-01
1.450000000000000000e+02 8.296225666999816895e-01
1.470000000000000000e+02 8.270749449729919434e-01
1.480000000000000000e+02 8.233464956283569336e-01
1.490000000000000000e+02 8.196954727172851562e-01
1.500000000000000000e+02 8.192189335823059082e-01
1.510000000000000000e+02 8.158323168754577637e-01
1.520000000000000000e+02 8.143870830535888672e-01
1.530000000000000000e+02 8.133460879325866699e-01
1.560000000000000000e+02 8.136350512504577637e-01
1.580000000000000000e+02 8.111607432365417480e-01
1.590000000000000000e+02 8.095526695251464844e-01
1.600000000000000000e+02 8.068568706512451172e-01
1.610000000000000000e+02 8.060975074768066406e-01
1.620000000000000000e+02 8.060922026634216309e-01
1.630000000000000000e+02 8.048819303512573242e-01
1.640000000000000000e+02 8.044820427894592285e-01
1.650000000000000000e+02 8.022757172584533691e-01
1.660000000000000000e+02 8.011635541915893555e-01
1.670000000000000000e+02 8.009462356567382812e-01
1.680000000000000000e+02 7.964028716087341309e-01
1.700000000000000000e+02 7.972215414047241211e-01
1.710000000000000000e+02 7.960527539253234863e-01
1.720000000000000000e+02 7.940517067909240723e-01
1.730000000000000000e+02 7.918009161949157715e-01
1.740000000000000000e+02 7.897458076477050781e-01
1.750000000000000000e+02 7.873762845993041992e-01
1.760000000000000000e+02 7.836214900016784668e-01
1.770000000000000000e+02 7.824144959449768066e-01
1.780000000000000000e+02 7.812440395355224609e-01
1.800000000000000000e+02 7.804170250892639160e-01
1.810000000000000000e+02 7.798125147819519043e-01
1.820000000000000000e+02 7.786825299263000488e-01
1.830000000000000000e+02 7.771658897399902344e-01
1.840000000000000000e+02 7.738760709762573242e-01
1.850000000000000000e+02 7.723065018653869629e-01
1.860000000000000000e+02 7.677620649337768555e-01
1.870000000000000000e+02 7.663713097572326660e-01
1.880000000000000000e+02 7.644935846328735352e-01
1.890000000000000000e+02 7.631978988647460938e-01
1.900000000000000000e+02 7.629764080047607422e-01
1.910000000000000000e+02 7.628792524337768555e-01
1.920000000000000000e+02 7.615563869476318359e-01
1.930000000000000000e+02 7.596294283866882324e-01
1.940000000000000000e+02 7.572315335273742676e-01
1.960000000000000000e+02 7.573366165161132812e-01
1.970000000000000000e+02 7.570831775665283203e-01
1.990000000000000000e+02 7.566448450088500977e-01
2.000000000000000000e+02 7.540631890296936035e-01
2.010000000000000000e+02 7.524561882019042969e-01
2.020000000000000000e+02 7.500112056732177734e-01
2.030000000000000000e+02 7.485834360122680664e-01
2.050000000000000000e+02 7.483137249946594238e-01
2.060000000000000000e+02 7.440165281295776367e-01
2.070000000000000000e+02 7.427172064781188965e-01
2.080000000000000000e+02 7.415257692337036133e-01
2.090000000000000000e+02 7.395970821380615234e-01
2.100000000000000000e+02 7.369150519371032715e-01
2.110000000000000000e+02 7.353612780570983887e-01
2.120000000000000000e+02 7.324674725532531738e-01
2.130000000000000000e+02 7.279740571975708008e-01
2.140000000000000000e+02 7.265624403953552246e-01
2.150000000000000000e+02 7.259113788604736328e-01
2.160000000000000000e+02 7.256966829299926758e-01
2.170000000000000000e+02 7.242712974548339844e-01
2.190000000000000000e+02 7.242954969406127930e-01
2.200000000000000000e+02 7.183181047439575195e-01
2.210000000000000000e+02 7.159786820411682129e-01
2.220000000000000000e+02 7.134853005409240723e-01
2.230000000000000000e+02 7.076696753501892090e-01
2.240000000000000000e+02 7.064926028251647949e-01
2.250000000000000000e+02 7.048932909965515137e-01
2.260000000000000000e+02 7.042373418807983398e-01
2.270000000000000000e+02 7.019897103309631348e-01
2.280000000000000000e+02 6.973437666893005371e-01
2.290000000000000000e+02 6.946583986282348633e-01
2.300000000000000000e+02 6.927534341812133789e-01
2.320000000000000000e+02 6.940127015113830566e-01
2.350000000000000000e+02 6.950593590736389160e-01
2.360000000000000000e+02 6.945091485977172852e-01
2.370000000000000000e+02 6.847862005233764648e-01
2.380000000000000000e+02 6.827442646026611328e-01
2.410000000000000000e+02 6.857756972312927246e-01
2.420000000000000000e+02 6.765384078025817871e-01
2.440000000000000000e+02 6.743064522743225098e-01
2.450000000000000000e+02 6.713808178901672363e-01
2.460000000000000000e+02 6.697530746459960938e-01
2.470000000000000000e+02 6.696110367774963379e-01
2.490000000000000000e+02 6.712644696235656738e-01
2.530000000000000000e+02 6.865385174751281738e-01
2.540000000000000000e+02 6.740169525146484375e-01
2.550000000000000000e+02 6.626453995704650879e-01
2.580000000000000000e+02 6.942917108535766602e-01
2.600000000000000000e+02 6.965274214744567871e-01
2.610000000000000000e+02 6.709392070770263672e-01
2.650000000000000000e+02 6.949509978294372559e-01
2.660000000000000000e+02 6.771530508995056152e-01
2.680000000000000000e+02 6.606987714767456055e-01
2.690000000000000000e+02 6.591840982437133789e-01
2.720000000000000000e+02 6.668088436126708984e-01
2.730000000000000000e+02 6.592748165130615234e-01
2.740000000000000000e+02 6.528001427650451660e-01
2.750000000000000000e+02 6.484909057617187500e-01
2.800000000000000000e+02 6.878545284271240234e-01
2.810000000000000000e+02 6.600703001022338867e-01
2.820000000000000000e+02 6.410873532295227051e-01
2.840000000000000000e+02 6.335578560829162598e-01
2.850000000000000000e+02 6.298937797546386719e-01
2.860000000000000000e+02 6.260172724723815918e-01
2.930000000000000000e+02 6.720046401023864746e-01
2.940000000000000000e+02 6.601204872131347656e-01
2.950000000000000000e+02 6.521529555320739746e-01
2.980000000000000000e+02 6.531422138214111328e-01
2.990000000000000000e+02 6.267360448837280273e-01
3.000000000000000000e+02 6.266792416572570801e-01
3.010000000000000000e+02 6.264132857322692871e-01
3.050000000000000000e+02 6.432536244392395020e-01
3.070000000000000000e+02 6.315937638282775879e-01
3.090000000000000000e+02 6.256555914878845215e-01
3.110000000000000000e+02 6.275644302368164062e-01
3.120000000000000000e+02 6.135481595993041992e-01
3.130000000000000000e+02 5.985974669456481934e-01
3.140000000000000000e+02 5.970092415809631348e-01
3.170000000000000000e+02 6.037107110023498535e-01
3.250000000000000000e+02 7.351489663124084473e-01
3.320000000000000000e+02 7.240879535675048828e-01
3.330000000000000000e+02 6.855521798133850098e-01
3.340000000000000000e+02 6.491712927818298340e-01
3.420000000000000000e+02 7.247776389122009277e-01
3.430000000000000000e+02 6.481134295463562012e-01
3.440000000000000000e+02 5.919044017791748047e-01
3.450000000000000000e+02 5.708892941474914551e-01
3.460000000000000000e+02 5.599039196968078613e-01
