1.000000000000000000e+02 1.265144348144531250e+00
2.000000000000000000e+02 8.264300823211669922e-01
3.000000000000000000e+02 1.003710985183715820e+00
4.000000000000000000e+02 1.060018301010131836e+00
5.000000000000000000e+02 1.194355368614196777e+00
6.000000000000000000e+02 7.925031185150146484e-01
7.000000000000000000e+02 8.494839668273925781e-01
8.000000000000000000e+02 8.725455403327941895e-01
9.000000000000000000e+02 7.529741525650024414e-01
1.000000000000000000e+03 1.529625654220581055e+00
1.100000000000000000e+03 5.564326643943786621e-01
1.150000000000000000e+03 4.430858492851257324e-01
1.160000000000000000e+03 4.331461489200592041e-01
1.170000000000000000e+03 4.283338487148284912e-01
1.180000000000000000e+03 4.264777302742004395e-01
1.190000000000000000e+03 4.259465336799621582e-01
1.200000000000000000e+03 4.245181083679199219e-01
1.210000000000000000e+03 4.230893254280090332e-01
1.220000000000000000e+03 4.205704033374786377e-01
1.230000000000000000e+03 4.206528663635253906e-01
1.240000000000000000e+03 4.210007190704345703e-01
1.250000000000000000e+03 4.237966239452362061e-01
1.260000000000000000e+03 4.185571372509002686e-01
1.270000000000000000e+03 4.183893501758575439e-01
1.280000000000000000e+03 4.205144047737121582e-01
1.290000000000000000e+03 4.217929542064666748e-01
1.300000000000000000e+03 4.221784770488739014e-01
1.310000000000000000e+03 4.225809574127197266e-01
1.320000000000000000e+03 4.202419221401214600e-01
1.330000000000000000e+03 4.205681681632995605e-01
1.340000000000000000e+03 4.179362952709197998e-01
1.350000000000000000e+03 4.217379093170166016e-01
1.360000000000000000e+03 4.243931770324707031e-01
1.370000000000000000e+03 4.250430762767791748e-01
1.380000000000000000e+03 4.215888977050781250e-01
1.390000000000000000e+03 4.244795441627502441e-01
1.400000000000000000e+03 4.266120195388793945e-01
1.410000000000000000e+03 4.244114160537719727e-01
1.420000000000000000e+03 4.310784339904785156e-01
1.430000000000000000e+03 4.279133379459381104e-01
1.440000000000000000e+03 4.271738827228546143e-01
1.450000000000000000e+03 4.302670955657958984e-01
1.460000000000000000e+03 4.260971546173095703e-01
1.470000000000000000e+03 4.299948215484619141e-01
1.480000000000000000e+03 4.246312379837036133e-01
1.490000000000000000e+03 4.226185381412506104e-01
1.500000000000000000e+03 4.229198694229125977e-01
1.510000000000000000e+03 4.200611412525177002e-01
1.520000000000000000e+03 4.195730090141296387e-01
1.530000000000000000e+03 4.197675883769989014e-01
1.540000000000000000e+03 4.181729555130004883e-01
1.550000000000000000e+03 4.173476994037628174e-01
1.560000000000000000e+03 4.164857566356658936e-01
1.570000000000000000e+03 4.178462922573089600e-01
1.580000000000000000e+03 4.182676970958709717e-01
1.590000000000000000e+03 4.163189530372619629e-01
1.600000000000000000e+03 4.157026112079620361e-01
1.610000000000000000e+03 4.186065793037414551e-01
1.620000000000000000e+03 4.165515005588531494e-01
1.630000000000000000e+03 4.169410765171051025e-01
1.640000000000000000e+03 4.145219624042510986e-01
1.650000000000000000e+03 4.151187241077423096e-01
1.660000000000000000e+03 4.154269099235534668e-01
1.670000000000000000e+03 4.135667979717254639e-01
1.680000000000000000e+03 4.139747619628906250e-01
1.690000000000000000e+03 4.134625494480133057e-01
1.700000000000000000e+03 4.159104824066162109e-01
1.710000000000000000e+03 4.156485497951507568e-01
1.720000000000000000e+03 4.151246249675750732e-01
1.730000000000000000e+03 4.156244993209838867e-01
1.740000000000000000e+03 4.138268828392028809e-01
1.750000000000000000e+03 4.153524637222290039e-01
1.760000000000000000e+03 4.167646467685699463e-01
1.770000000000000000e+03 4.161402583122253418e-01
1.780000000000000000e+03 4.173194169998168945e-01
1.790000000000000000e+03 4.184453487396240234e-01
1.800000000000000000e+03 4.173821806907653809e-01
1.810000000000000000e+03 4.191462397575378418e-01
1.820000000000000000e+03 4.203522503376007080e-01
1.830000000000000000e+03 4.190648198127746582e-01
1.840000000000000000e+03 4.182823896408081055e-01
1.850000000000000000e+03 4.200809895992279053e-01
1.860000000000000000e+03 4.213627278804779053e-01
1.870000000000000000e+03 4.177231788635253906e-01
1.880000000000000000e+03 4.161677956581115723e-01
1.890000000000000000e+03 4.157491922378540039e-01
1.900000000000000000e+03 4.182612299919128418e-01
1.910000000000000000e+03 4.148427546024322510e-01
1.920000000000000000e+03 4.152930080890655518e-01
1.930000000000000000e+03 4.172593951225280762e-01
1.940000000000000000e+03 4.170161485671997070e-01
1.950000000000000000e+03 4.171961247920989990e-01
1.960000000000000000e+03 4.169774949550628662e-01
1.970000000000000000e+03 4.161539971828460693e-01
1.980000000000000000e+03 4.146266877651214600e-01
1.990000000000000000e+03 4.153294563293457031e-01
2.000000000000000000e+03 4.174460172653198242e-01
2.010000000000000000e+03 4.155071079730987549e-01
2.020000000000000000e+03 4.171171188354492188e-01
2.030000000000000000e+03 4.158512055873870850e-01
2.040000000000000000e+03 4.192850589752197266e-01
2.050000000000000000e+03 4.173754155635833740e-01
2.060000000000000000e+03 4.201382100582122803e-01
2.070000000000000000e+03 4.227767884731292725e-01
2.080000000000000000e+03 4.189591407775878906e-01
2.090000000000000000e+03 4.188138842582702637e-01
2.100000000000000000e+03 4.193126559257507324e-01
2.110000000000000000e+03 4.196154177188873291e-01
2.120000000000000000e+03 4.220097959041595459e-01
2.130000000000000000e+03 4.187918603420257568e-01
2.140000000000000000e+03 4.211026430130004883e-01
2.150000000000000000e+03 4.229238033294677734e-01
2.160000000000000000e+03 4.212001562118530273e-01
2.170000000000000000e+03 4.204569160938262939e-01
2.180000000000000000e+03 4.213826358318328857e-01
2.190000000000000000e+03 4.217403233051300049e-01
2.200000000000000000e+03 4.195072650909423828e-01
2.210000000000000000e+03 4.184402525424957275e-01
2.220000000000000000e+03 4.210503995418548584e-01
2.230000000000000000e+03 4.223960340023040771e-01
2.240000000000000000e+03 4.217375814914703369e-01
2.250000000000000000e+03 4.224037826061248779e-01
2.260000000000000000e+03 4.208938181400299072e-01
2.270000000000000000e+03 4.206579625606536865e-01
2.280000000000000000e+03 4.208950698375701904e-01
2.290000000000000000e+03 4.214176237583160400e-01
2.300000000000000000e+03 4.172256886959075928e-01
2.310000000000000000e+03 4.181803762912750244e-01
2.320000000000000000e+03 4.175776839256286621e-01
2.330000000000000000e+03 4.177571237087249756e-01
2.340000000000000000e+03 4.173401594161987305e-01
2.350000000000000000e+03 4.158450067043304443e-01
2.360000000000000000e+03 4.175544381141662598e-01
2.370000000000000000e+03 4.219974875450134277e-01
2.380000000000000000e+03 4.220277667045593262e-01
2.390000000000000000e+03 4.226233959197998047e-01
2.400000000000000000e+03 4.202593266963958740e-01
2.410000000000000000e+03 4.215996265411376953e-01
2.420000000000000000e+03 4.202659726142883301e-01
2.430000000000000000e+03 4.193474948406219482e-01
2.440000000000000000e+03 4.183571636676788330e-01
2.450000000000000000e+03 4.180584549903869629e-01
2.460000000000000000e+03 4.205815196037292480e-01
2.470000000000000000e+03 4.190533161163330078e-01
2.480000000000000000e+03 4.155091345310211182e-01
2.490000000000000000e+03 4.158798754215240479e-01
2.500000000000000000e+03 4.161532819271087646e-01
2.510000000000000000e+03 4.155324399471282959e-01
2.520000000000000000e+03 4.174116849899291992e-01
2.530000000000000000e+03 4.184859693050384521e-01
2.540000000000000000e+03 4.171141684055328369e-01
2.550000000000000000e+03 4.170469939708709717e-01
2.560000000000000000e+03 4.174717664718627930e-01
2.570000000000000000e+03 4.179065823554992676e-01
2.580000000000000000e+03 4.191561341285705566e-01
2.590000000000000000e+03 4.183704555034637451e-01
2.600000000000000000e+03 4.199263453483581543e-01
2.610000000000000000e+03 4.159973263740539551e-01
2.620000000000000000e+03 4.161702096462249756e-01
2.630000000000000000e+03 4.164027571678161621e-01
2.640000000000000000e+03 4.169099032878875732e-01
2.650000000000000000e+03 4.167037308216094971e-01
2.660000000000000000e+03 4.192209541797637939e-01
2.670000000000000000e+03 4.191847443580627441e-01
2.680000000000000000e+03 4.166229367256164551e-01
2.690000000000000000e+03 4.171517491340637207e-01
2.700000000000000000e+03 4.225919842720031738e-01
2.710000000000000000e+03 4.265154898166656494e-01
2.720000000000000000e+03 4.235348701477050781e-01
2.730000000000000000e+03 4.261924624443054199e-01
2.740000000000000000e+03 4.279865026473999023e-01
2.750000000000000000e+03 4.255125224590301514e-01
2.760000000000000000e+03 4.213952720165252686e-01
2.770000000000000000e+03 4.197301566600799561e-01
2.780000000000000000e+03 4.220173656940460205e-01
2.790000000000000000e+03 4.231446087360382080e-01
2.800000000000000000e+03 4.183341562747955322e-01
2.810000000000000000e+03 4.187591671943664551e-01
2.820000000000000000e+03 4.170696139335632324e-01
2.830000000000000000e+03 4.167773425579071045e-01
2.840000000000000000e+03 4.131458401679992676e-01
2.850000000000000000e+03 4.123361110687255859e-01
2.860000000000000000e+03 4.115925133228302002e-01
2.870000000000000000e+03 4.136246144771575928e-01
2.880000000000000000e+03 4.105952978134155273e-01
2.890000000000000000e+03 4.129037857055664062e-01
2.900000000000000000e+03 4.103291928768157959e-01
2.910000000000000000e+03 4.089695215225219727e-01
2.920000000000000000e+03 4.094186425209045410e-01
2.930000000000000000e+03 4.108920097351074219e-01
2.940000000000000000e+03 4.098571240901947021e-01
2.950000000000000000e+03 4.112131595611572266e-01
2.960000000000000000e+03 4.132384359836578369e-01
2.970000000000000000e+03 4.125971198081970215e-01
2.980000000000000000e+03 4.125895202159881592e-01
2.990000000000000000e+03 4.138368368148803711e-01
3.000000000000000000e+03 4.144127368927001953e-01
