1.000000000000000000e+02 5.167615413665771484e-01
2.000000000000000000e+02 5.664613246917724609e-01
3.000000000000000000e+02 5.628507733345031738e-01
4.000000000000000000e+02 5.187782645225524902e-01
5.000000000000000000e+02 5.211853981018066406e-01
6.000000000000000000e+02 5.471455454826354980e-01
7.000000000000000000e+02 4.987423717975616455e-01
7.100000000000000000e+02 5.002632737159729004e-01
7.200000000000000000e+02 4.998227357864379883e-01
7.300000000000000000e+02 5.196374058723449707e-01
7.400000000000000000e+02 5.022225379943847656e-01
7.500000000000000000e+02 5.350868701934814453e-01
7.600000000000000000e+02 5.336626768112182617e-01
7.700000000000000000e+02 5.032705068588256836e-01
7.800000000000000000e+02 5.183103084564208984e-01
7.900000000000000000e+02 5.225220322608947754e-01
8.000000000000000000e+02 5.008970499038696289e-01
8.100000000000000000e+02 5.006647109985351562e-01
8.200000000000000000e+02 4.904071092605590820e-01
8.300000000000000000e+02 4.939143657684326172e-01
8.400000000000000000e+02 5.014620423316955566e-01
8.500000000000000000e+02 5.328989028930664062e-01
8.600000000000000000e+02 5.063230991363525391e-01
8.700000000000000000e+02 5.080694556236267090e-01
8.800000000000000000e+02 5.064035058021545410e-01
8.900000000000000000e+02 5.237711668014526367e-01
9.000000000000000000e+02 4.965126812458038330e-01
9.100000000000000000e+02 4.878036081790924072e-01
9.200000000000000000e+02 4.939466714859008789e-01
9.300000000000000000e+02 5.077095627784729004e-01
9.400000000000000000e+02 5.465097427368164062e-01
9.500000000000000000e+02 5.265741944313049316e-01
9.600000000000000000e+02 5.057893395423889160e-01
9.700000000000000000e+02 5.065613985061645508e-01
9.800000000000000000e+02 5.098367929458618164e-01
9.900000000000000000e+02 4.926495850086212158e-01
1.000000000000000000e+03 5.129985213279724121e-01
