1.000000000000000000e+01 5.108096599578857422e-01
1.000000000000000000e+02 1.677421033382415771e-01
2.000000000000000000e+02 1.680276691913604736e-01
2.800000000000000000e+02 1.686258465051651001e-01
3.400000000000000000e+02 1.701523810625076294e-01
3.600000000000000000e+02 1.692420393228530884e-01
3.800000000000000000e+02 1.681391596794128418e-01
4.200000000000000000e+02 1.691747009754180908e-01
4.800000000000000000e+02 1.699625998735427856e-01
5.000000000000000000e+02 1.695013046264648438e-01
5.400000000000000000e+02 1.679559797048568726e-01
6.200000000000000000e+02 1.695014238357543945e-01
6.600000000000000000e+02 1.694633960723876953e-01
6.800000000000000000e+02 1.691272109746932983e-01
7.400000000000000000e+02 1.691341549158096313e-01
8.000000000000000000e+02 1.701239347457885742e-01
8.200000000000000000e+02 1.686906367540359497e-01
9.000000000000000000e+02 1.704543828964233398e-01
9.400000000000000000e+02 1.699032932519912720e-01
9.600000000000000000e+02 1.689195483922958374e-01
1.020000000000000000e+03 1.704996079206466675e-01
1.100000000000000000e+03 1.735214293003082275e-01
1.120000000000000000e+03 1.724954396486282349e-01
1.140000000000000000e+03 1.722123473882675171e-01
1.180000000000000000e+03 1.718313992023468018e-01
1.200000000000000000e+03 1.714439988136291504e-01
1.220000000000000000e+03 1.705389469861984253e-01
1.260000000000000000e+03 1.710944175720214844e-01
1.320000000000000000e+03 1.722776144742965698e-01
1.400000000000000000e+03 1.725423336029052734e-01
1.420000000000000000e+03 1.722630113363265991e-01
1.480000000000000000e+03 1.731891483068466187e-01
1.540000000000000000e+03 1.734567135572433472e-01
1.560000000000000000e+03 1.726412624120712280e-01
1.620000000000000000e+03 1.742888540029525757e-01
1.640000000000000000e+03 1.738563328981399536e-01
1.680000000000000000e+03 1.733942180871963501e-01
1.720000000000000000e+03 1.716411858797073364e-01
1.760000000000000000e+03 1.717770546674728394e-01
1.800000000000000000e+03 1.718755066394805908e-01
1.840000000000000000e+03 1.720225363969802856e-01
1.900000000000000000e+03 1.746646612882614136e-01
1.920000000000000000e+03 1.733669936656951904e-01
1.960000000000000000e+03 1.734603643417358398e-01
1.980000000000000000e+03 1.727820932865142822e-01
2.060000000000000000e+03 1.725250482559204102e-01
2.120000000000000000e+03 1.726376861333847046e-01
2.140000000000000000e+03 1.717733740806579590e-01
2.160000000000000000e+03 1.705031543970108032e-01
2.180000000000000000e+03 1.704688817262649536e-01
2.260000000000000000e+03 1.709144264459609985e-01
2.280000000000000000e+03 1.705330461263656616e-01
2.320000000000000000e+03 1.722840219736099243e-01
2.360000000000000000e+03 1.721969097852706909e-01
2.400000000000000000e+03 1.718856096267700195e-01
2.480000000000000000e+03 1.731981039047241211e-01
2.520000000000000000e+03 1.730688363313674927e-01
2.540000000000000000e+03 1.724915802478790283e-01
2.580000000000000000e+03 1.736751347780227661e-01
2.620000000000000000e+03 1.732243001461029053e-01
2.660000000000000000e+03 1.721826046705245972e-01
2.680000000000000000e+03 1.721067875623703003e-01
2.700000000000000000e+03 1.720411926507949829e-01
2.740000000000000000e+03 1.719281375408172607e-01
2.760000000000000000e+03 1.711770147085189819e-01
2.840000000000000000e+03 1.731940060853958130e-01
2.860000000000000000e+03 1.718866080045700073e-01
2.940000000000000000e+03 1.725515127182006836e-01
2.960000000000000000e+03 1.725382208824157715e-01
3.000000000000000000e+03 1.734722405672073364e-01
3.040000000000000000e+03 1.736994534730911255e-01
3.060000000000000000e+03 1.723885089159011841e-01
3.100000000000000000e+03 1.728339791297912598e-01
3.120000000000000000e+03 1.726336628198623657e-01
3.160000000000000000e+03 1.729415059089660645e-01
3.180000000000000000e+03 1.714558750391006470e-01
3.220000000000000000e+03 1.711392104625701904e-01
3.260000000000000000e+03 1.703321188688278198e-01
3.320000000000000000e+03 1.711947619915008545e-01
3.380000000000000000e+03 1.714910268783569336e-01
3.500000000000000000e+03 1.726479828357696533e-01
3.520000000000000000e+03 1.725688576698303223e-01
3.540000000000000000e+03 1.722414940595626831e-01
3.560000000000000000e+03 1.715537160634994507e-01
3.640000000000000000e+03 1.721771508455276489e-01
3.660000000000000000e+03 1.706537455320358276e-01
3.820000000000000000e+03 1.749698817729949951e-01
3.840000000000000000e+03 1.738369911909103394e-01
3.860000000000000000e+03 1.729819774627685547e-01
3.880000000000000000e+03 1.729638725519180298e-01
3.920000000000000000e+03 1.730269938707351685e-01
3.960000000000000000e+03 1.733663529157638550e-01
3.980000000000000000e+03 1.732372343540191650e-01
4.000000000000000000e+03 1.730245500802993774e-01
4.020000000000000000e+03 1.729470789432525635e-01
4.040000000000000000e+03 1.728469580411911011e-01
4.080000000000000000e+03 1.727910637855529785e-01
4.140000000000000000e+03 1.736048012971878052e-01
4.160000000000000000e+03 1.735052466392517090e-01
4.180000000000000000e+03 1.729571819305419922e-01
4.200000000000000000e+03 1.713678240776062012e-01
4.220000000000000000e+03 1.712769865989685059e-01
4.260000000000000000e+03 1.729139834642410278e-01
4.320000000000000000e+03 1.730452030897140503e-01
4.340000000000000000e+03 1.724345982074737549e-01
4.380000000000000000e+03 1.708579063415527344e-01
4.400000000000000000e+03 1.705645322799682617e-01
4.440000000000000000e+03 1.703973561525344849e-01
4.460000000000000000e+03 1.703229099512100220e-01
4.480000000000000000e+03 1.693666577339172363e-01
4.520000000000000000e+03 1.694149672985076904e-01
4.600000000000000000e+03 1.706423014402389526e-01
4.640000000000000000e+03 1.713718622922897339e-01
4.680000000000000000e+03 1.724544465541839600e-01
4.720000000000000000e+03 1.725712269544601440e-01
4.780000000000000000e+03 1.730148792266845703e-01
4.800000000000000000e+03 1.723469495773315430e-01
4.820000000000000000e+03 1.709431260824203491e-01
4.940000000000000000e+03 1.730207055807113647e-01
5.000000000000000000e+03 1.723961234092712402e-01
5.040000000000000000e+03 1.729824692010879517e-01
5.060000000000000000e+03 1.726739555597305298e-01
5.080000000000000000e+03 1.720429658889770508e-01
5.220000000000000000e+03 1.732659637928009033e-01
5.280000000000000000e+03 1.725867390632629395e-01
5.320000000000000000e+03 1.730048805475234985e-01
5.380000000000000000e+03 1.735732853412628174e-01
5.400000000000000000e+03 1.732775866985321045e-01
5.420000000000000000e+03 1.726094782352447510e-01
5.440000000000000000e+03 1.719629019498825073e-01
5.580000000000000000e+03 1.736039370298385620e-01
5.620000000000000000e+03 1.726043075323104858e-01
5.660000000000000000e+03 1.711685359477996826e-01
5.720000000000000000e+03 1.719023138284683228e-01
5.820000000000000000e+03 1.729721426963806152e-01
5.880000000000000000e+03 1.729384064674377441e-01
5.940000000000000000e+03 1.733977347612380981e-01
6.000000000000000000e+03 1.737051457166671753e-01
6.020000000000000000e+03 1.733406633138656616e-01
6.040000000000000000e+03 1.729595214128494263e-01
6.060000000000000000e+03 1.728642880916595459e-01
6.120000000000000000e+03 1.736679226160049438e-01
6.140000000000000000e+03 1.735545247793197632e-01
6.180000000000000000e+03 1.740550398826599121e-01
6.220000000000000000e+03 1.735760122537612915e-01
6.240000000000000000e+03 1.734959185123443604e-01
6.260000000000000000e+03 1.733631789684295654e-01
6.280000000000000000e+03 1.732889264822006226e-01
6.320000000000000000e+03 1.733851283788681030e-01
6.340000000000000000e+03 1.733226776123046875e-01
6.360000000000000000e+03 1.730577796697616577e-01
6.380000000000000000e+03 1.728236526250839233e-01
6.400000000000000000e+03 1.724148243665695190e-01
6.440000000000000000e+03 1.737212985754013062e-01
6.480000000000000000e+03 1.727847754955291748e-01
6.560000000000000000e+03 1.742429733276367188e-01
6.580000000000000000e+03 1.741170734167098999e-01
6.600000000000000000e+03 1.729258447885513306e-01
6.640000000000000000e+03 1.728372722864151001e-01
6.700000000000000000e+03 1.729295849800109863e-01
6.760000000000000000e+03 1.730992645025253296e-01
6.800000000000000000e+03 1.727195382118225098e-01
6.860000000000000000e+03 1.731045991182327271e-01
6.940000000000000000e+03 1.726883202791213989e-01
6.980000000000000000e+03 1.718638986349105835e-01
7.020000000000000000e+03 1.720403581857681274e-01
7.060000000000000000e+03 1.716139316558837891e-01
7.100000000000000000e+03 1.716336011886596680e-01
7.140000000000000000e+03 1.715276688337326050e-01
7.160000000000000000e+03 1.708618551492691040e-01
7.200000000000000000e+03 1.709024012088775635e-01
