1.000000000000000000e+01 2.359377622604370117e+00
2.000000000000000000e+01 7.477251291275024414e-01
1.300000000000000000e+02 2.758583784103393555e+00
1.400000000000000000e+02 8.596693277359008789e-01
1.700000000000000000e+02 1.886612892150878906e+01
1.800000000000000000e+02 1.209666609764099121e+00
1.900000000000000000e+02 6.243812441825866699e-01
2.200000000000000000e+02 3.545812606811523438e+00
2.300000000000000000e+02 9.747672677040100098e-01
3.200000000000000000e+02 9.573800086975097656e+00
3.300000000000000000e+02 1.118669033050537109e+00
3.800000000000000000e+02 8.951412200927734375e+00
3.900000000000000000e+02 6.863926649093627930e-01
4.700000000000000000e+02 2.006572008132934570e+00
4.800000000000000000e+02 1.040372133255004883e+00
4.900000000000000000e+02 9.115421175956726074e-01
5.000000000000000000e+02 8.385418653488159180e-01
5.100000000000000000e+02 8.174585103988647461e-01
5.300000000000000000e+02 8.409636020660400391e-01
5.400000000000000000e+02 7.996283173561096191e-01
5.500000000000000000e+02 7.886404991149902344e-01
5.800000000000000000e+02 8.805294632911682129e-01
5.900000000000000000e+02 7.424232363700866699e-01
6.400000000000000000e+02 1.146733283996582031e+00
6.500000000000000000e+02 7.588962912559509277e-01
7.100000000000000000e+02 1.246772766113281250e+00
7.200000000000000000e+02 8.848025798797607422e-01
7.500000000000000000e+02 1.060819387435913086e+00
7.600000000000000000e+02 7.788637280464172363e-01
8.000000000000000000e+02 1.155480504035949707e+00
8.100000000000000000e+02 7.569009661674499512e-01
8.300000000000000000e+02 1.753250122070312500e+00
8.400000000000000000e+02 8.585591316223144531e-01
8.700000000000000000e+02 1.920853734016418457e+00
8.800000000000000000e+02 9.416357278823852539e-01
9.300000000000000000e+02 2.849210977554321289e+00
9.400000000000000000e+02 9.966652393341064453e-01
9.800000000000000000e+02 4.304370880126953125e+00
9.900000000000000000e+02 8.308974504470825195e-01
1.040000000000000000e+03 3.002481937408447266e+00
1.050000000000000000e+03 1.066006898880004883e+00
1.060000000000000000e+03 9.440079331398010254e-01
1.080000000000000000e+03 8.832890987396240234e-01
1.090000000000000000e+03 8.732240796089172363e-01
1.120000000000000000e+03 9.954783320426940918e-01
1.130000000000000000e+03 8.265329599380493164e-01
1.170000000000000000e+03 1.056779503822326660e+00
1.180000000000000000e+03 8.764287829399108887e-01
1.230000000000000000e+03 1.020582318305969238e+00
1.240000000000000000e+03 8.644173145294189453e-01
1.260000000000000000e+03 1.030341625213623047e+00
1.270000000000000000e+03 9.122848510742187500e-01
1.280000000000000000e+03 8.460096120834350586e-01
1.330000000000000000e+03 1.050824403762817383e+00
1.340000000000000000e+03 8.107289075851440430e-01
1.370000000000000000e+03 1.512144684791564941e+00
1.380000000000000000e+03 7.892679572105407715e-01
1.420000000000000000e+03 1.709383487701416016e+00
1.430000000000000000e+03 8.536279797554016113e-01
1.470000000000000000e+03 1.324301600456237793e+00
1.480000000000000000e+03 8.102178573608398438e-01
1.520000000000000000e+03 1.360278725624084473e+00
1.530000000000000000e+03 8.240645527839660645e-01
1.560000000000000000e+03 1.263213276863098145e+00
1.570000000000000000e+03 8.397046327590942383e-01
1.600000000000000000e+03 1.366928339004516602e+00
1.610000000000000000e+03 8.459538221359252930e-01
1.640000000000000000e+03 1.394569396972656250e+00
1.650000000000000000e+03 7.993683218955993652e-01
1.680000000000000000e+03 1.217796206474304199e+00
1.690000000000000000e+03 8.367498517036437988e-01
1.720000000000000000e+03 1.037217974662780762e+00
1.730000000000000000e+03 8.080388307571411133e-01
1.760000000000000000e+03 1.053648114204406738e+00
1.770000000000000000e+03 8.961372971534729004e-01
1.780000000000000000e+03 8.862016797065734863e-01
1.800000000000000000e+03 9.031082987785339355e-01
1.810000000000000000e+03 8.640392422676086426e-01
1.830000000000000000e+03 8.650971055030822754e-01
1.880000000000000000e+03 8.649929165840148926e-01
1.900000000000000000e+03 8.750541806221008301e-01
1.920000000000000000e+03 8.731974959373474121e-01
1.940000000000000000e+03 8.545148968696594238e-01
1.980000000000000000e+03 9.015224575996398926e-01
1.990000000000000000e+03 8.793103098869323730e-01
2.000000000000000000e+03 8.638227581977844238e-01
2.020000000000000000e+03 8.458432555198669434e-01
2.030000000000000000e+03 8.354181051254272461e-01
2.060000000000000000e+03 8.534980416297912598e-01
2.100000000000000000e+03 9.002307057380676270e-01
2.110000000000000000e+03 8.513883352279663086e-01
2.130000000000000000e+03 8.365718126296997070e-01
2.160000000000000000e+03 8.754090070724487305e-01
2.170000000000000000e+03 8.443257212638854980e-01
2.180000000000000000e+03 8.362540006637573242e-01
2.220000000000000000e+03 8.903806805610656738e-01
2.230000000000000000e+03 8.635057806968688965e-01
2.240000000000000000e+03 8.567689061164855957e-01
2.250000000000000000e+03 8.261854648590087891e-01
2.270000000000000000e+03 8.233695030212402344e-01
2.310000000000000000e+03 8.537338972091674805e-01
2.330000000000000000e+03 8.407627940177917480e-01
2.340000000000000000e+03 8.226540088653564453e-01
2.360000000000000000e+03 8.384062647819519043e-01
2.370000000000000000e+03 8.191090226173400879e-01
2.400000000000000000e+03 8.282443881034851074e-01
2.410000000000000000e+03 8.217381834983825684e-01
2.420000000000000000e+03 8.166088461875915527e-01
2.440000000000000000e+03 8.254325985908508301e-01
2.460000000000000000e+03 8.293428421020507812e-01
2.470000000000000000e+03 8.089017868041992188e-01
2.480000000000000000e+03 8.005856871604919434e-01
2.510000000000000000e+03 8.394873142242431641e-01
2.520000000000000000e+03 8.275643587112426758e-01
2.530000000000000000e+03 8.119282722473144531e-01
2.550000000000000000e+03 8.139411807060241699e-01
2.570000000000000000e+03 8.149332404136657715e-01
2.580000000000000000e+03 8.108331561088562012e-01
2.590000000000000000e+03 7.836335301399230957e-01
2.610000000000000000e+03 7.844723463058471680e-01
2.640000000000000000e+03 8.137512207031250000e-01
2.670000000000000000e+03 8.460606932640075684e-01
2.680000000000000000e+03 8.391743302345275879e-01
2.710000000000000000e+03 8.676038980484008789e-01
2.730000000000000000e+03 8.872287273406982422e-01
2.750000000000000000e+03 8.880425095558166504e-01
2.770000000000000000e+03 8.890460729598999023e-01
2.790000000000000000e+03 8.875658512115478516e-01
2.800000000000000000e+03 8.704174160957336426e-01
2.820000000000000000e+03 8.496540784835815430e-01
2.840000000000000000e+03 8.181272149085998535e-01
2.860000000000000000e+03 7.963553667068481445e-01
2.880000000000000000e+03 7.964433431625366211e-01
2.900000000000000000e+03 7.427420616149902344e-01
2.920000000000000000e+03 7.159606814384460449e-01
2.940000000000000000e+03 6.948515772819519043e-01
2.960000000000000000e+03 7.199558615684509277e-01
2.970000000000000000e+03 7.015950679779052734e-01
2.980000000000000000e+03 6.830922961235046387e-01
3.000000000000000000e+03 7.115964889526367188e-01
3.020000000000000000e+03 6.792797446250915527e-01
3.050000000000000000e+03 6.697854995727539062e-01
3.070000000000000000e+03 6.688472032546997070e-01
3.090000000000000000e+03 6.618573069572448730e-01
3.110000000000000000e+03 7.101001739501953125e-01
3.120000000000000000e+03 6.947212815284729004e-01
3.130000000000000000e+03 6.894719600677490234e-01
3.170000000000000000e+03 6.828174591064453125e-01
3.200000000000000000e+03 6.920110583305358887e-01
3.220000000000000000e+03 6.932823657989501953e-01
3.240000000000000000e+03 6.934204697608947754e-01
3.260000000000000000e+03 7.412670850753784180e-01
3.270000000000000000e+03 7.070879340171813965e-01
3.300000000000000000e+03 6.950081586837768555e-01
3.320000000000000000e+03 6.908167004585266113e-01
3.380000000000000000e+03 7.908276915550231934e-01
3.390000000000000000e+03 6.837038993835449219e-01
3.420000000000000000e+03 8.579205870628356934e-01
3.430000000000000000e+03 8.196804523468017578e-01
3.440000000000000000e+03 7.811695933341979980e-01
3.450000000000000000e+03 7.220540642738342285e-01
3.470000000000000000e+03 7.485814690589904785e-01
3.490000000000000000e+03 7.281977534294128418e-01
3.510000000000000000e+03 7.666756510734558105e-01
3.520000000000000000e+03 7.533512115478515625e-01
3.550000000000000000e+03 7.547870874404907227e-01
3.570000000000000000e+03 7.208347320556640625e-01
3.580000000000000000e+03 7.200328111648559570e-01
3.620000000000000000e+03 7.221667766571044922e-01
3.650000000000000000e+03 7.526237368583679199e-01
3.660000000000000000e+03 7.431712746620178223e-01
3.680000000000000000e+03 7.411458492279052734e-01
3.700000000000000000e+03 7.371107339859008789e-01
3.730000000000000000e+03 7.906204462051391602e-01
3.740000000000000000e+03 7.607806921005249023e-01
3.760000000000000000e+03 7.458441257476806641e-01
3.770000000000000000e+03 7.421240806579589844e-01
3.790000000000000000e+03 7.542634010314941406e-01
3.800000000000000000e+03 7.390411496162414551e-01
3.820000000000000000e+03 7.583962082862854004e-01
3.870000000000000000e+03 8.129885792732238770e-01
3.890000000000000000e+03 8.351977467536926270e-01
3.900000000000000000e+03 7.516313195228576660e-01
3.920000000000000000e+03 7.834917306900024414e-01
3.930000000000000000e+03 7.498409152030944824e-01
3.960000000000000000e+03 7.720512151718139648e-01
3.980000000000000000e+03 7.603042721748352051e-01
3.990000000000000000e+03 7.601500749588012695e-01
4.030000000000000000e+03 9.237754344940185547e-01
4.040000000000000000e+03 7.731215953826904297e-01
4.050000000000000000e+03 7.631050348281860352e-01
4.070000000000000000e+03 7.588757276535034180e-01
4.110000000000000000e+03 7.742010951042175293e-01
4.150000000000000000e+03 8.114475011825561523e-01
4.160000000000000000e+03 7.587679624557495117e-01
4.190000000000000000e+03 8.237614631652832031e-01
4.220000000000000000e+03 7.690457701683044434e-01
4.250000000000000000e+03 8.780471086502075195e-01
4.270000000000000000e+03 7.932174205780029297e-01
4.310000000000000000e+03 9.250644445419311523e-01
4.320000000000000000e+03 7.563923001289367676e-01
4.340000000000000000e+03 7.598739862442016602e-01
4.380000000000000000e+03 8.251621127128601074e-01
4.400000000000000000e+03 8.417074084281921387e-01
4.410000000000000000e+03 8.068379759788513184e-01
4.420000000000000000e+03 7.849444150924682617e-01
4.450000000000000000e+03 7.667320370674133301e-01
4.490000000000000000e+03 8.224663138389587402e-01
4.500000000000000000e+03 8.145621418952941895e-01
4.520000000000000000e+03 7.690050601959228516e-01
4.550000000000000000e+03 7.828184366226196289e-01
4.570000000000000000e+03 7.823718190193176270e-01
4.590000000000000000e+03 7.720283269882202148e-01
4.620000000000000000e+03 9.411081075668334961e-01
4.630000000000000000e+03 8.054711818695068359e-01
4.650000000000000000e+03 8.176994919776916504e-01
4.670000000000000000e+03 8.387879133224487305e-01
4.680000000000000000e+03 7.987592220306396484e-01
4.700000000000000000e+03 8.101454973220825195e-01
4.710000000000000000e+03 7.856765985488891602e-01
4.730000000000000000e+03 7.940199375152587891e-01
4.740000000000000000e+03 7.935128808021545410e-01
4.750000000000000000e+03 7.902889847755432129e-01
