5.377083333333333021e-02 4.006620000000000181e-01 1.969867599999999896e+01
1.934055555555555528e-01 8.023400000000000531e-01 1.889531999999999812e+01
2.202911111111111042e-01 1.252660000000000107e+00 1.799467999999999890e+01
3.030583333333333185e-01 1.853655000000000053e+00 1.679269000000000034e+01
3.848416666666666930e-01 2.804635000000000211e+00 1.489072999999999958e+01
4.671861111111110798e-01 3.555625000000000036e+00 1.338874999999999993e+01
4.928055555555555522e-01 4.455930000000000391e+00 1.158813999999999922e+01
6.038638888888888667e-01 5.007249999999999979e+00 1.048550000000000004e+01
6.864916666666666112e-01 5.658249999999999780e+00 9.183500000000000441e+00
7.974111111111110706e-01 6.259599999999999831e+00 7.980800000000000338e+00
8.801777777777777256e-01 6.860599999999999810e+00 6.778800000000000381e+00
9.357805555555555044e-01 7.111250000000000071e+00 6.277499999999999858e+00
9.910972222222221850e-01 7.461899999999999977e+00 5.576200000000000045e+00
1.046558333333333479e+00 7.762599999999999945e+00 4.974800000000000111e+00
1.186475000000000168e+00 8.064249999999999474e+00 4.371500000000001052e+00
1.298380555555555649e+00 8.315599999999999881e+00 3.868800000000000239e+00
1.410425000000000040e+00 8.516949999999999577e+00 3.466100000000000847e+00
1.550622222222222124e+00 8.718600000000000350e+00 3.062799999999999301e+00
1.662388888888888916e+00 9.019949999999999690e+00 2.460100000000000620e+00
1.915336111111111128e+00 9.173000000000000043e+00 2.153999999999999915e+00
2.140272222222221910e+00 9.275700000000000500e+00 1.948599999999999000e+00
2.308622222222222575e+00 9.477700000000000458e+00 1.544599999999999085e+00
2.561849999999999739e+00 9.530749999999999389e+00 1.438500000000001222e+00
2.674458333333332938e+00 9.532099999999999795e+00 1.435800000000000409e+00
2.871527777777777679e+00 9.534499999999999531e+00 1.431000000000000938e+00
3.068444444444444308e+00 9.586850000000000094e+00 1.326299999999999812e+00
3.152611111111110809e+00 9.687849999999999184e+00 1.124300000000001631e+00
3.349555555555555397e+00 9.740199999999999747e+00 1.019600000000000506e+00
3.518333333333333535e+00 9.792249999999999233e+00 9.155000000000015348e-01
3.659222222222222598e+00 9.743949999999999889e+00 1.012100000000000222e+00
3.884444444444444589e+00 9.746650000000000702e+00 1.006699999999998596e+00
3.996916666666666451e+00 9.798000000000000043e+00 9.039999999999999147e-01
4.194111111111110901e+00 9.750349999999999184e+00 9.993000000000016314e-01
4.305750000000000632e+00 1.010169999999999924e+01 2.966000000000015291e-01
4.502805555555555728e+00 1.010405000000000086e+01 2.918999999999982720e-01
4.672000000000000597e+00 1.000609999999999999e+01 4.878000000000000114e-01
4.840916666666666757e+00 1.000810000000000066e+01 4.837999999999986755e-01
4.981666666666666465e+00 1.000980000000000025e+01 4.803999999999994941e-01
5.179027777777777786e+00 9.912150000000000460e+00 6.756999999999990791e-01
5.404250000000000220e+00 9.914849999999999497e+00 6.703000000000010061e-01
5.516833333333332590e+00 9.916199999999999903e+00 6.676000000000001933e-01
2.771583333333333399e-01 1.053344999999999976e+00 1.629330999999999818e+01
3.599249999999999949e-01 1.654335000000000111e+00 1.509132999999999925e+01
4.149638888888888544e-01 2.104995000000000172e+00 1.419000999999999735e+01
4.981527777777777777e-01 2.555994999999999795e+00 1.328800999999999988e+01
5.809194444444444327e-01 3.156989999999999963e+00 1.208601999999999776e+01
6.355361111111110795e-01 3.757645000000000124e+00 1.088470999999999833e+01
7.190083333333332494e-01 4.108645000000000103e+00 1.018270999999999837e+01
8.299277777777777088e-01 4.709975000000000023e+00 8.980049999999998533e+00
9.126944444444443638e-01 5.310950000000000060e+00 7.778099999999998460e+00
1.024880555555555572e+00 5.462299999999999933e+00 7.475399999999998712e+00
1.052047222222222134e+00 5.812649999999999650e+00 6.774699999999999278e+00
1.108211111111111036e+00 5.863299999999999734e+00 6.673399999999999110e+00
1.276138888888888934e+00 6.215349999999999930e+00 5.969299999999998718e+00
1.303447222222222202e+00 6.515649999999999942e+00 5.368699999999998695e+00
1.415211111111111197e+00 6.817000000000000171e+00 4.765999999999998238e+00
1.471094444444444260e+00 6.967649999999999899e+00 4.464699999999998781e+00
1.555127777777777887e+00 7.118699999999999584e+00 4.162599999999999412e+00
1.667594444444444379e+00 7.170049999999999812e+00 4.059899999999998954e+00
1.835805555555555468e+00 7.422049999999999592e+00 3.555899999999999395e+00
2.200938888888889000e+00 7.726449999999999818e+00 2.947099999999998943e+00
2.312702777777777552e+00 8.027749999999999275e+00 2.344500000000000028e+00
2.537922222222222413e+00 8.030450000000000088e+00 2.339099999999998403e+00
2.706272222222222190e+00 8.232499999999999929e+00 1.934999999999998721e+00
2.875472222222222207e+00 8.134499999999999176e+00 2.131000000000000227e+00
3.043805555555555653e+00 8.336550000000000793e+00 1.726899999999996993e+00
3.184444444444444411e+00 8.388249999999999318e+00 1.623499999999999943e+00
3.353361111111111015e+00 8.390249999999999986e+00 1.619499999999998607e+00
3.494249999999999634e+00 8.341950000000000642e+00 1.716099999999997294e+00
3.691305555555555618e+00 8.344300000000000495e+00 1.711399999999997590e+00
3.859805555555555490e+00 8.496349999999999625e+00 1.407299999999999329e+00
4.873000000000000220e+00 8.608499999999999375e+00 1.182999999999999829e+00
5.013777777777777445e+00 8.610200000000000742e+00 1.179599999999997095e+00
5.210833333333333428e+00 8.612550000000000594e+00 1.174899999999997391e+00
5.379888888888888054e+00 8.564600000000000435e+00 1.270799999999997709e+00
5.520361111111110830e+00 8.666249999999999787e+00 1.067499999999999005e+00
5.717861111111110617e+00 8.518649999999999167e+00 1.362700000000000244e+00
3.896277777777777951e-01 1.104689999999999950e+00 1.399061999999999983e+01
4.445222222222222075e-01 1.605350000000000055e+00 1.298930000000000007e+01
5.277138888888889268e-01 2.056350000000000122e+00 1.208729999999999905e+01
6.393361111111111050e-01 2.407690000000000108e+00 1.138461999999999819e+01
6.663638888888888667e-01 2.808015000000000150e+00 1.058396999999999899e+01
7.775638888888889433e-01 3.309349999999999792e+00 9.581299999999998818e+00
8.324611111111110962e-01 3.810004999999999864e+00 8.579989999999998673e+00
9.443666666666665765e-01 4.061350000000000016e+00 8.077299999999999258e+00
9.994027777777777510e-01 4.512010000000000076e+00 7.175979999999999137e+00
1.055144444444444440e+00 4.712679999999999758e+00 6.774639999999999773e+00
1.166766666666666508e+00 5.064000000000000057e+00 6.071999999999999176e+00
1.278813888888888695e+00 5.265349999999999753e+00 5.669299999999999784e+00
1.334977777777777819e+00 5.316049999999999720e+00 5.567899999999999849e+00
1.418588888888888899e+00 5.617049999999999876e+00 4.965899999999999537e+00
1.474188888888888771e+00 5.867700000000000138e+00 4.464599999999999014e+00
1.586799999999999988e+00 5.869049999999999656e+00 4.461899999999999977e+00
1.698844444444444379e+00 6.070400000000000240e+00 4.059199999999998809e+00
1.894924999999999971e+00 6.422749999999999737e+00 3.354499999999999815e+00
1.950805555555555459e+00 6.573450000000000237e+00 3.053099999999998815e+00
2.062994444444444575e+00 6.724750000000000227e+00 2.750499999999998835e+00
2.203333333333333144e+00 6.876450000000000173e+00 2.447099999999998943e+00
2.484430555555555920e+00 7.029849999999999710e+00 2.140299999999999869e+00
2.652922222222222182e+00 7.181849999999999845e+00 1.836299999999999599e+00
2.877444444444444027e+00 7.434549999999999770e+00 1.330899999999999750e+00
2.990472222222222420e+00 7.285899999999999821e+00 1.628199999999999648e+00
3.158972222222221848e+00 7.437899999999999956e+00 1.324199999999999378e+00
3.383333333333333304e+00 7.740599999999999703e+00 7.187999999999998835e-01
3.524222222222222367e+00 7.692300000000000360e+00 8.153999999999985704e-01
3.693861111111111040e+00 7.444350000000000023e+00 1.311299999999999244e+00
3.890777777777777668e+00 7.496699999999999697e+00 1.206599999999999895e+00
4.031111111111111533e+00 7.648399999999999643e+00 9.032000000000000028e-01
4.228611111111111320e+00 7.500750000000000028e+00 1.198499999999999233e+00
4.340222222222221760e+00 7.852100000000000080e+00 4.957999999999991303e-01
4.537138888888889277e+00 7.904449999999999754e+00 3.910999999999997812e-01
4.621611111111111114e+00 7.905499999999999972e+00 3.889999999999993463e-01
4.902999999999999581e+00 7.958849999999999980e+00 2.822999999999993292e-01
5.128194444444444500e+00 7.961549999999999905e+00 2.768999999999994799e-01
5.381722222222222740e+00 7.914600000000000080e+00 3.707999999999991303e-01
5.522611111111111803e+00 7.866299999999999848e+00 4.673999999999995936e-01
2.784250000000000336e-01 6.033600000000000074e-01 1.299327999999999861e+01
4.187638888888888800e-01 7.550400000000000444e-01 1.268991999999999898e+01
5.023750000000000160e-01 1.056044999999999900e+00 1.208790999999999904e+01
6.144222222222222030e-01 1.257390000000000008e+00 1.168521999999999927e+01
6.698805555555555902e-01 1.558054999999999968e+00 1.108389000000000024e+01
7.256222222222221685e-01 1.758725000000000094e+00 1.068254999999999910e+01
8.372472222222222538e-01 2.110065000000000079e+00 9.979869999999998242e+00
9.211388888888888404e-01 2.311069999999999958e+00 9.577859999999999374e+00
1.004891666666666739e+00 2.562075000000000102e+00 9.075849999999999085e+00
1.088644444444444304e+00 2.813079999999999803e+00 8.573840000000000572e+00
1.172397222222222313e+00 3.064084999999999948e+00 8.071829999999998506e+00
1.256150000000000100e+00 3.315090000000000092e+00 7.569819999999999105e+00
1.312033333333333163e+00 3.465759999999999952e+00 7.268479999999999386e+00
1.424077777777777776e+00 3.667104999999999837e+00 6.865789999999999615e+00
1.507691666666666652e+00 3.968109999999999804e+00 6.263779999999999681e+00
1.647888888888888737e+00 4.169789999999999885e+00 5.860419999999999519e+00
1.872261111111111154e+00 4.472484999999999822e+00 5.255029999999999646e+00
1.984450000000000047e+00 4.623829999999999885e+00 4.952339999999999520e+00
2.096775000000000055e+00 4.725179999999999936e+00 4.749639999999999418e+00
2.237113888888888624e+00 4.876859999999999751e+00 4.446279999999999788e+00
2.433336111111111144e+00 5.179199999999999804e+00 3.841599999999999682e+00
2.573391666666666300e+00 5.430900000000000283e+00 3.338199999999998724e+00
2.798611111111111160e+00 5.433600000000000207e+00 3.332799999999998875e+00
2.967666666666666675e+00 5.385650000000000048e+00 3.428699999999999193e+00
3.051555555555555799e+00 5.586649999999999672e+00 3.026699999999999946e+00
3.248194444444444606e+00 5.738999999999999879e+00 2.721999999999999531e+00
3.416833333333333389e+00 5.841000000000000192e+00 2.517999999999998906e+00
3.585333333333333705e+00 5.993050000000000210e+00 2.213899999999998869e+00
3.754666666666666597e+00 5.845049999999999635e+00 2.509900000000000020e+00
3.895277777777777839e+00 5.896749999999999936e+00 2.406499999999999417e+00
4.092194444444444024e+00 5.949099999999999611e+00 2.301800000000000068e+00
4.288861111111111235e+00 6.101499999999999702e+00 1.996999999999999886e+00
4.429055555555555301e+00 6.303149999999999586e+00 1.593700000000000117e+00
4.627083333333333215e+00 5.955549999999999677e+00 2.288899999999999935e+00
4.766861111111110993e+00 6.307199999999999918e+00 1.585599999999999454e+00
4.879611111111111121e+00 6.258549999999999613e+00 1.682900000000000063e+00
5.076972222222221554e+00 6.160949999999999704e+00 1.878099999999999881e+00
5.273888888888889070e+00 6.213300000000000267e+00 1.773399999999998755e+00
5.442666666666665876e+00 6.265349999999999753e+00 1.669299999999999784e+00
5.611583333333333812e+00 6.267350000000000421e+00 1.665299999999998448e+00
5.752333333333333520e+00 6.269050000000000011e+00 1.661899999999999267e+00
5.892972222222222278e+00 6.320750000000000313e+00 1.558499999999998664e+00
6.118027777777777843e+00 6.373450000000000060e+00 1.453099999999999170e+00
6.287222222222221824e+00 6.275450000000000195e+00 1.649099999999998900e+00
6.456138888888888872e+00 6.277499999999999858e+00 1.644999999999999574e+00
4.198888888888888671e-01 3.550555000000000239e-01 1.168988900000000086e+01
5.598055555555555562e-01 6.567349999999999577e-01 1.108652999999999977e+01
6.718527777777777432e-01 8.580799999999999539e-01 1.068384000000000000e+01
8.679333333333333345e-01 1.210429999999999895e+00 9.979140000000001010e+00
1.035016666666666696e+00 1.862435000000000063e+00 8.675129999999999342e+00
1.176058333333333428e+00 1.764129999999999976e+00 8.871740000000000848e+00
1.343986111111111104e+00 2.116144999999999943e+00 8.167709999999999582e+00
1.483622222222222176e+00 2.517819999999999947e+00 7.364360000000000461e+00
1.707994444444444371e+00 2.820514999999999883e+00 6.758970000000000589e+00
1.819477777777777749e+00 3.221849999999999881e+00 5.956300000000000594e+00
1.988388888888888761e+00 3.223879999999999857e+00 5.952240000000000641e+00
2.184611111111111281e+00 3.526229999999999976e+00 5.347540000000000404e+00
2.409688888888888769e+00 3.578934999999999977e+00 5.242130000000000400e+00
2.493722222222221951e+00 3.729940000000000033e+00 4.940120000000000289e+00
2.633919444444444480e+00 3.931624999999999925e+00 4.536750000000000504e+00
2.774116666666666564e+00 4.133305000000000007e+00 4.133390000000000342e+00
3.027333333333333432e+00 4.186345000000000205e+00 4.027309999999999945e+00
3.195833333333333304e+00 4.338364999999999583e+00 3.723270000000001190e+00
3.392611111111111022e+00 4.440730000000000288e+00 3.518539999999999779e+00
3.505666666666666487e+00 4.292085000000000150e+00 3.815830000000000055e+00
3.702166666666666384e+00 4.494444999999999801e+00 3.411110000000000753e+00
3.899083333333333456e+00 4.546804999999999986e+00 3.306390000000000384e+00
3.983250000000000401e+00 4.647814999999999586e+00 3.104370000000001184e+00
4.207777777777777395e+00 4.900509999999999700e+00 2.598980000000000956e+00
4.348805555555555813e+00 4.802204999999999835e+00 2.795590000000000686e+00
4.517722222222221973e+00 4.804229999999999556e+00 2.791540000000001243e+00
4.686777777777778375e+00 4.756260000000000154e+00 2.887480000000000047e+00
4.855138888888888893e+00 4.958280000000000243e+00 2.483439999999999870e+00
5.024611111111110695e+00 4.760309999999999597e+00 2.879380000000001161e+00
5.192666666666665876e+00 5.062350000000000350e+00 2.275299999999999656e+00
5.304861111111111249e+00 5.213700000000000223e+00 1.972599999999999909e+00
5.530499999999999972e+00 5.066399999999999793e+00 2.267200000000000770e+00
5.671249999999999680e+00 5.068050000000000388e+00 2.263899999999999579e+00
5.867611111111111555e+00 5.320450000000000124e+00 1.759100000000000108e+00
5.952777777777777501e+00 5.071449999999999569e+00 2.257100000000001216e+00
6.205722222222221696e+00 5.224499999999999922e+00 1.951000000000000512e+00
6.346916666666666984e+00 5.076200000000000045e+00 2.247600000000000264e+00
6.486833333333333229e+00 5.377849999999999575e+00 1.644300000000001205e+00
6.599999999999999645e+00 5.179199999999999804e+00 2.041600000000000747e+00
6.909666666666666401e+00 5.182949999999999946e+00 2.034100000000000463e+00
7.021722222222222420e+00 5.384299999999999642e+00 1.631400000000001071e+00
7.162611111111111484e+00 5.335950000000000415e+00 1.728099999999999525e+00
7.359555555555555628e+00 5.388349999999999973e+00 1.623300000000000409e+00
7.528611111111111143e+00 5.340349999999999930e+00 1.719300000000000495e+00
7.669916666666666494e+00 5.142050000000000232e+00 2.115899999999999892e+00
7.809972222222222982e+00 5.393749999999999822e+00 1.612500000000000711e+00
8.035777777777777686e+00 5.196449999999999569e+00 2.007100000000001216e+00
8.232555555555554960e+00 5.298799999999999955e+00 1.802400000000000446e+00
8.429888888888887877e+00 5.201200000000000045e+00 1.997600000000000264e+00
8.514361111111110603e+00 5.202200000000000379e+00 1.995599999999999596e+00
8.682694444444445381e+00 5.404200000000000337e+00 1.591599999999999682e+00
8.851611111111111541e+00 5.406250000000000000e+00 1.587500000000000355e+00
9.048527777777778169e+00 5.458599999999999675e+00 1.482800000000001006e+00
9.189166666666666927e+00 5.510299999999999976e+00 1.379400000000000404e+00
9.330333333333332035e+00 5.362000000000000099e+00 1.676000000000000156e+00
4.768972222222221946e-01 1.057395000000000002e-01 9.388520999999999006e+00
5.890861111111110882e-01 2.570859999999999812e-01 9.085827999999999349e+00
8.420333333333334114e-01 4.101215000000000277e-01 8.779757000000000033e+00
9.540777777777776913e-01 6.114650000000000363e-01 8.377069999999999794e+00
1.122288888888888891e+00 8.634849999999999470e-01 7.873029999999999973e+00
1.347647222222222219e+00 8.161899999999999711e-01 7.967620000000000147e+00
1.486999999999999877e+00 1.317860000000000031e+00 6.964279999999999582e+00
1.627761111111110992e+00 1.319550000000000001e+00 6.960899999999999643e+00
1.852555555555555511e+00 1.472250000000000059e+00 6.655499999999999972e+00
1.992752777777777817e+00 1.673929999999999918e+00 6.252139999999999809e+00
2.161102777777777817e+00 1.875950000000000006e+00 5.848099999999999632e+00
2.301863888888888710e+00 1.877639999999999976e+00 5.844719999999999693e+00
2.498930555555555433e+00 1.880004999999999926e+00 5.839990000000000236e+00
2.667138888888889170e+00 2.132025000000000059e+00 5.335949999999999527e+00
2.835499999999999687e+00 2.334045000000000147e+00 4.931909999999999350e+00
3.060555555555555696e+00 2.386744999999999894e+00 4.826509999999999856e+00
3.200611111111111295e+00 2.638424999999999798e+00 4.323150000000000048e+00
3.341388888888888964e+00 2.640115000000000212e+00 4.319769999999999222e+00
3.510166666666666657e+00 2.692140000000000200e+00 4.215719999999999246e+00
3.706805555555555465e+00 2.844500000000000028e+00 3.910999999999999588e+00
3.875722222222222513e+00 2.846525000000000194e+00 3.906949999999999257e+00
4.043777777777777693e+00 3.148540000000000116e+00 3.302919999999999412e+00
4.213111111111111029e+00 3.000574999999999992e+00 3.598849999999999660e+00
4.297138888888889063e+00 3.151584999999999859e+00 3.296829999999999927e+00
4.466333333333333044e+00 3.053615000000000190e+00 3.492769999999999264e+00
4.662722222222222435e+00 3.305969999999999853e+00 2.988059999999999938e+00
4.831749999999999545e+00 3.258000000000000007e+00 3.083999999999999631e+00
5.028555555555555223e+00 3.360360000000000014e+00 2.879279999999999617e+00
5.169166666666666465e+00 3.412044999999999995e+00 2.775909999999999656e+00
5.365805555555556161e+00 3.564404999999999824e+00 2.471189999999999998e+00
5.450833333333333641e+00 3.365425000000000111e+00 2.869149999999999423e+00
5.647333333333333982e+00 3.567785000000000206e+00 2.464429999999999232e+00
5.844111111111111256e+00 3.670145000000000213e+00 2.259709999999999219e+00
5.984888888888888481e+00 3.671835000000000182e+00 2.256329999999999281e+00
6.210666666666667446e+00 3.474544999999999995e+00 2.650909999999999656e+00
6.322694444444445061e+00 3.675889999999999880e+00 2.248219999999999885e+00
6.491472222222221866e+00 3.727914999999999868e+00 2.144169999999999909e+00
6.660250000000000448e+00 3.779939999999999856e+00 2.040119999999999933e+00
6.857444444444444009e+00 3.732305000000000206e+00 2.135389999999999233e+00
7.026222222222222591e+00 3.784330000000000194e+00 2.031339999999999257e+00
7.138972222222221831e+00 3.735685000000000144e+00 2.128629999999999356e+00
7.420222222222221831e+00 3.839059999999999917e+00 1.921879999999999811e+00
7.561250000000000249e+00 3.740749999999999797e+00 2.118500000000000050e+00
7.842500000000000249e+00 3.844125000000000014e+00 1.911749999999999616e+00
7.870638888888888296e+00 3.844465000000000021e+00 1.911069999999999602e+00
8.067444444444443974e+00 3.946825000000000028e+00 1.706349999999999589e+00
8.377527777777777018e+00 3.800545000000000062e+00 1.998909999999999521e+00
8.461999999999999744e+00 3.801559999999999828e+00 1.996879999999999988e+00
8.686916666666666842e+00 3.904259999999999842e+00 1.791479999999999961e+00
8.855555555555556069e+00 4.006285000000000096e+00 1.587429999999999453e+00
8.996750000000000469e+00 3.857979999999999965e+00 1.884039999999999715e+00
9.137361111111111711e+00 3.909664999999999946e+00 1.780669999999999753e+00
9.362305555555556325e+00 4.012364999999999959e+00 1.575269999999999726e+00
7.022555555555555218e-01 5.844400000000000289e-02 7.283112000000000030e+00
8.710277777777777342e-01 1.104689999999999978e-01 7.179062000000000054e+00
9.553444444444443295e-01 1.614810000000000134e-01 7.077037999999999940e+00
1.152127777777777640e+00 2.638424999999999798e-01 6.872315000000000396e+00
1.377063888888888865e+00 3.665415000000000201e-01 6.666917000000000648e+00
1.517966666666666686e+00 3.182324999999999737e-01 6.763535000000000075e+00
1.687019444444444627e+00 2.702609999999999735e-01 6.859478000000000186e+00
1.799488888888888916e+00 3.216109999999999802e-01 6.756778000000000617e+00
2.052294444444444643e+00 5.246450000000000280e-01 6.350710000000000299e+00
2.165044444444444327e+00 4.759975000000000178e-01 6.448005000000000209e+00
2.361827777777777637e+00 5.783599999999999852e-01 6.243280000000000385e+00
2.474155555555555441e+00 6.797050000000000036e-01 6.040589999999999904e+00
2.727524999999999977e+00 6.827450000000000463e-01 6.034510000000000041e+00
2.810861111111111033e+00 1.083744999999999958e+00 5.232510000000000439e+00
3.036777777777777576e+00 8.364599999999999813e-01 5.727080000000000837e+00
3.177111111111110997e+00 9.881400000000000183e-01 5.423720000000000319e+00
3.345611111111111313e+00 1.140165000000000095e+00 5.119670000000000165e+00
3.655277777777777626e+00 1.143880000000000008e+00 5.112239999999999895e+00
3.823916666666666853e+00 1.245905000000000040e+00 4.908190000000000275e+00
3.992694444444444546e+00 1.297930000000000028e+00 4.804140000000000299e+00
4.189333333333333798e+00 1.450290000000000079e+00 4.499420000000000641e+00
4.274194444444444407e+00 1.301304999999999934e+00 4.797390000000000043e+00
4.414416666666666877e+00 1.502990000000000048e+00 4.394020000000000259e+00
4.667777777777777359e+00 1.506029999999999980e+00 4.387940000000000396e+00
4.836416666666666586e+00 1.608055000000000012e+00 4.183889999999999887e+00
5.005333333333333634e+00 1.610079999999999956e+00 4.179840000000000444e+00
5.173944444444444457e+00 1.712104999999999988e+00 3.975790000000000379e+00
5.342999999999999972e+00 1.664134999999999920e+00 4.071730000000000516e+00
5.511777777777778553e+00 1.716159999999999908e+00 3.967680000000000540e+00
5.708694444444444294e+00 1.768520000000000092e+00 3.862960000000000171e+00
5.793027777777778553e+00 1.819534999999999902e+00 3.760930000000000550e+00
6.018388888888889454e+00 1.772235000000000005e+00 3.855530000000000346e+00
6.214888888888888907e+00 1.974595000000000100e+00 3.450810000000000155e+00
6.355638888888888616e+00 1.976285000000000069e+00 3.447430000000000216e+00
6.524416666666667197e+00 2.028309999999999835e+00 3.343380000000000685e+00
6.665305555555555372e+00 1.979999999999999982e+00 3.440000000000000391e+00
6.833805555555556133e+00 2.132025000000000059e+00 3.135950000000000237e+00
7.030999999999999694e+00 2.084389999999999965e+00 3.231220000000000425e+00
7.200055555555556097e+00 2.036420000000000119e+00 3.327160000000000117e+00
7.368416666666666615e+00 2.238440000000000207e+00 2.923119999999999941e+00
7.509305555555555678e+00 2.190129999999999910e+00 3.019740000000000535e+00
7.706249999999999822e+00 2.242490000000000094e+00 2.915020000000000167e+00
8.015916666666665691e+00 2.246210000000000040e+00 2.907580000000000275e+00
8.184972222222222982e+00 2.198234999999999939e+00 3.003530000000000477e+00
8.353472222222222854e+00 2.350260000000000016e+00 2.699480000000000324e+00
8.578388888888889952e+00 2.452960000000000029e+00 2.494080000000000297e+00
8.663277777777777189e+00 2.303974999999999884e+00 2.792050000000000587e+00
8.831916666666666416e+00 2.406000000000000139e+00 2.588000000000000078e+00
9.000972222222221930e+00 2.358029999999999848e+00 2.683940000000000659e+00
9.225888888888887251e+00 2.460729999999999862e+00 2.478540000000000632e+00
9.310361111111111754e+00 2.461739999999999817e+00 2.476520000000000721e+00
9.507555555555555316e+00 2.414109999999999978e+00 2.571780000000000399e+00
