5.377083333333333021e-02 3.908897560975609781e-02 9.609110243902438953e-01
1.934055555555555528e-01 7.827707317073170912e-02 9.217229268292681521e-01
2.202911111111111042e-01 1.222107317073170829e-01 8.777892682926828893e-01
3.030583333333333185e-01 1.808443902439024475e-01 8.191556097560975802e-01
3.848416666666666930e-01 2.736229268292683092e-01 7.263770731707316353e-01
4.671861111111110798e-01 3.468902439024390549e-01 6.531097560975609451e-01
4.928055555555555522e-01 4.347248780487805164e-01 5.652751219512194281e-01
6.038638888888888667e-01 4.885121951219512093e-01 5.114878048780487907e-01
6.864916666666666112e-01 5.520243902439023742e-01 4.479756097560975703e-01
7.974111111111110706e-01 6.106926829268292112e-01 3.893073170731707333e-01
8.801777777777777256e-01 6.693268292682926779e-01 3.306731707317073221e-01
9.357805555555555044e-01 6.937804878048781099e-01 3.062195121951219456e-01
9.910972222222221850e-01 7.279902439024390493e-01 2.720097560975609507e-01
1.046558333333333479e+00 7.573268292682926450e-01 2.426731707317073272e-01
1.186475000000000168e+00 7.867560975609755314e-01 2.132439024390244409e-01
1.298380555555555649e+00 8.112780487804878149e-01 1.887219512195122129e-01
1.410425000000000040e+00 8.309219512195121782e-01 1.690780487804878496e-01
1.550622222222222124e+00 8.505951219512195571e-01 1.494048780487804429e-01
1.662388888888888916e+00 8.799951219512194278e-01 1.200048780487805167e-01
1.915336111111111128e+00 8.949268292682927006e-01 1.050731707317073133e-01
2.140272222222221910e+00 9.049463414634146829e-01 9.505365853658531705e-02
2.308622222222222575e+00 9.246536585365854322e-01 7.534634146341459560e-02
2.561849999999999739e+00 9.298292682926828645e-01 7.017073170731713549e-02
2.674458333333332938e+00 9.299609756097561020e-01 7.003902439024392579e-02
2.871527777777777679e+00 9.301951219512194502e-01 6.980487804878053593e-02
3.068444444444444308e+00 9.353024390243902531e-01 6.469756097560974695e-02
3.152611111111110809e+00 9.451560975609755166e-01 5.484390243902446949e-02
3.349555555555555397e+00 9.502634146341463195e-01 4.973658536585368051e-02
3.518333333333333535e+00 9.553414634146341067e-01 4.465853658536592802e-02
3.659222222222222598e+00 9.506292682926829052e-01 4.937073170731708094e-02
3.884444444444444589e+00 9.508926829268293801e-01 4.910731707317066153e-02
3.996916666666666451e+00 9.559024390243902047e-01 4.409756097560975363e-02
4.194111111111110901e+00 9.512536585365852781e-01 4.874634146341471491e-02
4.305750000000000632e+00 9.855317073170730691e-01 1.446829268292690318e-02
4.502805555555555728e+00 9.857609756097561737e-01 1.423902439024381759e-02
4.672000000000000597e+00 9.762048780487805333e-01 2.379512195121951182e-02
4.840916666666666757e+00 9.764000000000000457e-01 2.359999999999993700e-02
4.981666666666666465e+00 9.765658536585366534e-01 2.343414634146338826e-02
5.179027777777777786e+00 9.670390243902439176e-01 3.296097560975605467e-02
5.404250000000000220e+00 9.673024390243901705e-01 3.269756097560980179e-02
5.516833333333332590e+00 9.674341463414634079e-01 3.256585365853659209e-02
2.771583333333333399e-01 1.144940217391304388e-01 8.855059782608695196e-01
3.599249999999999949e-01 1.798190217391304746e-01 8.201809782608695532e-01
4.149638888888888544e-01 2.288038043478261285e-01 7.711961956521737882e-01
4.981527777777777777e-01 2.778255434782608835e-01 7.221744565217391720e-01
5.809194444444444327e-01 3.431510869565217448e-01 6.568489130434781442e-01
6.355361111111110795e-01 4.084396739130435328e-01 5.915603260869565228e-01
7.190083333333332494e-01 4.465918478260870184e-01 5.534081521739130372e-01
8.299277777777777088e-01 5.119538043478261136e-01 4.880461956521738864e-01
9.126944444444443638e-01 5.772771739130435620e-01 4.227228260869564935e-01
1.024880555555555572e+00 5.937282608695652053e-01 4.062717391304347392e-01
1.052047222222222134e+00 6.318097826086956914e-01 3.681902173913043641e-01
1.108211111111111036e+00 6.373152173913043672e-01 3.626847826086956328e-01
1.276138888888888934e+00 6.755815217391304417e-01 3.244184782608695028e-01
1.303447222222222202e+00 7.082228260869565251e-01 2.917771739130434194e-01
1.415211111111111197e+00 7.409782608695653083e-01 2.590217391304346917e-01
1.471094444444444260e+00 7.573532608695652257e-01 2.426467391304347465e-01
1.555127777777777887e+00 7.737717391304348435e-01 2.262282608695652120e-01
1.667594444444444379e+00 7.793532608695652453e-01 2.206467391304347547e-01
1.835805555555555468e+00 8.067445652173913517e-01 1.932554347826086760e-01
2.200938888888889000e+00 8.398315217391304488e-01 1.601684782608695234e-01
2.312702777777777552e+00 8.725815217391303946e-01 1.274184782608695776e-01
2.537922222222222413e+00 8.728750000000000675e-01 1.271249999999999325e-01
2.706272222222222190e+00 8.948369565217392241e-01 1.051630434782608037e-01
2.875472222222222207e+00 8.841847826086955964e-01 1.158152173913043759e-01
3.043805555555555653e+00 9.061467391304349750e-01 9.385326086956506664e-02
3.184444444444444411e+00 9.117663043478261287e-01 8.823369565217391297e-02
3.353361111111111015e+00 9.119836956521739646e-01 8.801630434782602153e-02
3.494249999999999634e+00 9.067336956521740987e-01 9.326630434782594292e-02
3.691305555555555618e+00 9.069891304347826866e-01 9.301086956521727178e-02
3.859805555555555490e+00 9.235163043478261669e-01 7.648369565217388866e-02
4.873000000000000220e+00 9.357065217391304923e-01 6.429347826086956319e-02
5.013777777777777445e+00 9.358913043478261917e-01 6.410869565217376664e-02
5.210833333333333428e+00 9.361467391304348906e-01 6.385326086956508163e-02
5.379888888888888054e+00 9.309347826086957767e-01 6.906521739130422333e-02
5.520361111111110830e+00 9.419836956521739912e-01 5.801630434782603651e-02
5.717861111111110617e+00 9.259402173913042766e-01 7.405978260869566787e-02
3.896277777777777951e-01 1.363814814814814924e-01 8.636185185185185631e-01
4.445222222222222075e-01 1.981913580246913720e-01 8.018086419753086558e-01
5.277138888888889268e-01 2.538703703703704129e-01 7.461296296296295871e-01
6.393361111111111050e-01 2.972456790123457204e-01 7.027543209876542241e-01
6.663638888888888667e-01 3.466685185185185425e-01 6.533314814814814575e-01
7.775638888888889433e-01 4.085617283950617185e-01 5.914382716049382260e-01
8.324611111111110962e-01 4.703709876543210044e-01 5.296290123456789400e-01
9.443666666666665765e-01 5.014012345679013105e-01 4.985987654320987450e-01
9.994027777777777510e-01 5.570382716049383509e-01 4.429617283950617046e-01
1.055144444444444440e+00 5.818123456790122994e-01 4.181876543209876451e-01
1.166766666666666508e+00 6.251851851851851771e-01 3.748148148148147674e-01
1.278813888888888695e+00 6.500432098765431821e-01 3.499567901234568179e-01
1.334977777777777819e+00 6.563024691358024798e-01 3.436975308641975202e-01
1.418588888888888899e+00 6.934629629629629477e-01 3.065370370370369968e-01
1.474188888888888771e+00 7.244074074074074998e-01 2.755925925925925557e-01
1.586799999999999988e+00 7.245740740740740371e-01 2.754259259259259629e-01
1.698844444444444379e+00 7.494320987654321531e-01 2.505679012345678469e-01
1.894924999999999971e+00 7.929320987654321362e-01 2.070679012345678915e-01
1.950805555555555459e+00 8.115370370370370567e-01 1.884629629629628877e-01
2.062994444444444575e+00 8.302160493827160925e-01 1.697839506172838797e-01
2.203333333333333144e+00 8.489444444444445015e-01 1.510555555555554985e-01
2.484430555555555920e+00 8.678827160493827186e-01 1.321172839506172814e-01
2.652922222222222182e+00 8.866481481481481852e-01 1.133518518518518287e-01
2.877444444444444027e+00 9.178456790123457054e-01 8.215432098765430846e-02
2.990472222222222420e+00 8.994938271604938640e-01 1.005061728395061499e-01
3.158972222222221848e+00 9.182592592592593306e-01 8.174074074074071106e-02
3.383333333333333304e+00 9.556296296296296067e-01 4.437037037037036558e-02
3.524222222222222367e+00 9.496666666666667700e-01 5.033333333333324389e-02
3.693861111111111040e+00 9.190555555555556255e-01 8.094444444444440223e-02
3.890777777777777668e+00 9.255185185185185182e-01 7.448148148148148184e-02
4.031111111111111533e+00 9.442469135802469271e-01 5.575308641975308677e-02
4.228611111111111320e+00 9.260185185185185741e-01 7.398148148148143977e-02
4.340222222222221760e+00 9.693950617283950688e-01 3.060493827160488609e-02
4.537138888888889277e+00 9.758580246913580725e-01 2.414197530864196223e-02
4.621611111111111114e+00 9.759876543209876631e-01 2.401234567901230563e-02
4.902999999999999581e+00 9.825740740740741552e-01 1.742592592592588641e-02
5.128194444444444500e+00 9.829074074074074518e-01 1.709259259259256203e-02
5.381722222222222740e+00 9.771111111111111525e-01 2.288888888888883713e-02
5.522611111111111803e+00 9.711481481481482048e-01 2.885185185185182646e-02
2.784250000000000336e-01 8.498028169014085198e-02 9.150197183098590648e-01
4.187638888888888800e-01 1.063436619718309967e-01 8.936563380281690172e-01
5.023750000000000160e-01 1.487387323943661910e-01 8.512612676056338090e-01
6.144222222222222030e-01 1.770971830985915707e-01 8.229028169014084293e-01
6.698805555555555902e-01 2.194443661971831050e-01 7.805556338028170060e-01
7.256222222222221685e-01 2.477077464788732530e-01 7.522922535211267192e-01
8.372472222222222538e-01 2.971922535211267702e-01 7.028077464788731188e-01
9.211388888888888404e-01 3.255028169014084760e-01 6.744971830985915240e-01
1.004891666666666739e+00 3.608556338028169330e-01 6.391443661971830670e-01
1.088644444444444304e+00 3.962084507042253345e-01 6.037915492957747210e-01
1.172397222222222313e+00 4.315612676056337915e-01 5.684387323943661530e-01
1.256150000000000100e+00 4.669140845070423040e-01 5.330859154929576960e-01
1.312033333333333163e+00 4.881352112676056731e-01 5.118647887323943824e-01
1.424077777777777776e+00 5.164936619718309974e-01 4.835063380281690026e-01
1.507691666666666652e+00 5.588887323943662055e-01 4.411112676056337945e-01
1.647888888888888737e+00 5.872943661971831153e-01 4.127056338028168847e-01
1.872261111111111154e+00 6.299274647887324052e-01 3.700725352112675948e-01
1.984450000000000047e+00 6.512436619718310338e-01 3.487563380281690217e-01
2.096775000000000055e+00 6.655183098591549440e-01 3.344816901408450560e-01
2.237113888888888624e+00 6.868816901408451026e-01 3.131183098591549530e-01
2.433336111111111144e+00 7.294647887323943980e-01 2.705352112676056020e-01
2.573391666666666300e+00 7.649154929577465234e-01 2.350845070422534488e-01
2.798611111111111160e+00 7.652957746478873391e-01 2.347042253521126054e-01
2.967666666666666675e+00 7.585422535211268080e-01 2.414577464788731920e-01
3.051555555555555799e+00 7.868521126760563700e-01 2.131478873239436578e-01
3.248194444444444606e+00 8.083098591549295886e-01 1.916901408450704114e-01
3.416833333333333389e+00 8.226760563380282054e-01 1.773239436619717668e-01
3.585333333333333705e+00 8.440915492957746791e-01 1.559084507042252932e-01
3.754666666666666597e+00 8.232464788732394290e-01 1.767535211267605710e-01
3.895277777777777839e+00 8.305281690140845496e-01 1.694718309859154504e-01
4.092194444444444024e+00 8.379014084507042659e-01 1.620985915492957896e-01
4.288861111111111235e+00 8.593661971830985902e-01 1.406338028169014098e-01
4.429055555555555301e+00 8.877676056338027477e-01 1.122323943661971968e-01
4.627083333333333215e+00 8.388098591549295602e-01 1.611901408450704398e-01
4.766861111111110993e+00 8.883380281690140823e-01 1.116619718309858761e-01
4.879611111111111121e+00 8.814859154929577389e-01 1.185140845070422611e-01
5.076972222222221554e+00 8.677394366197183073e-01 1.322605633802816927e-01
5.273888888888889070e+00 8.751126760563381346e-01 1.248873239436618932e-01
5.442666666666665876e+00 8.824436619718309949e-01 1.175563380281690051e-01
5.611583333333333812e+00 8.827253521126761093e-01 1.172746478873238352e-01
5.752333333333333520e+00 8.829647887323943678e-01 1.170352112676055906e-01
5.892972222222222278e+00 8.902464788732394885e-01 1.097535211267604699e-01
6.118027777777777843e+00 8.976690140845070554e-01 1.023309859154929030e-01
6.287222222222221824e+00 8.838661971830986674e-01 1.161338028169013326e-01
6.456138888888888872e+00 8.841549295774647765e-01 1.158450704225351818e-01
4.198888888888888671e-01 5.726701612903226102e-02 9.427329838709678222e-01
5.598055555555555562e-01 1.059249999999999914e-01 8.940749999999999531e-01
6.718527777777777432e-01 1.383999999999999952e-01 8.615999999999999215e-01
8.679333333333333345e-01 1.952306451612902949e-01 8.047693548387097051e-01
1.035016666666666696e+00 3.003927419354838757e-01 6.996072580645160688e-01
1.176058333333333428e+00 2.845370967741935320e-01 7.154629032258065235e-01
1.343986111111111104e+00 3.413137096774193635e-01 6.586862903225806365e-01
1.483622222222222176e+00 4.060999999999999610e-01 5.938999999999999835e-01
1.707994444444444371e+00 4.549217741935483450e-01 5.450782258064515995e-01
1.819477777777777749e+00 5.196532258064515686e-01 4.803467741935484314e-01
1.988388888888888761e+00 5.199806451612902780e-01 4.800193548387097220e-01
2.184611111111111281e+00 5.687467741935483545e-01 4.312532258064516455e-01
2.409688888888888769e+00 5.772475806451612401e-01 4.227524193548387044e-01
2.493722222222221951e+00 6.016032258064516469e-01 3.983967741935484086e-01
2.633919444444444480e+00 6.341330645161290525e-01 3.658669354838710031e-01
2.774116666666666564e+00 6.666620967741935244e-01 3.333379032258064756e-01
3.027333333333333432e+00 6.752169354838709614e-01 3.247830645161290386e-01
3.195833333333333304e+00 6.997362903225805564e-01 3.002637096774194436e-01
3.392611111111111022e+00 7.162467741935484300e-01 2.837532258064515700e-01
3.505666666666666487e+00 6.922717741935483504e-01 3.077282258064515941e-01
3.702166666666666384e+00 7.249104838709676812e-01 2.750895161290323188e-01
3.899083333333333456e+00 7.333556451612902594e-01 2.666443548387096851e-01
3.983250000000000401e+00 7.496475806451612378e-01 2.503524193548388177e-01
4.207777777777777395e+00 7.904048387096773709e-01 2.095951612903226569e-01
4.348805555555555813e+00 7.745491935483870272e-01 2.254508064516129451e-01
4.517722222222221973e+00 7.748758064516128030e-01 2.251241935483871970e-01
4.686777777777778375e+00 7.671387096774193726e-01 2.328612903225806552e-01
4.855138888888888893e+00 7.997225806451613295e-01 2.002774193548386983e-01
5.024611111111110695e+00 7.677919354838709243e-01 2.322080645161291312e-01
5.192666666666665876e+00 8.165080645161291173e-01 1.834919354838709382e-01
5.304861111111111249e+00 8.409193548387097206e-01 1.590806451612903072e-01
5.530499999999999972e+00 8.171612903225805580e-01 1.828387096774194143e-01
5.671249999999999680e+00 8.174274193548387579e-01 1.825725806451612421e-01
5.867611111111111555e+00 8.581370967741935862e-01 1.418629032258064693e-01
5.952777777777777501e+00 8.179758064516128302e-01 1.820241935483871976e-01
6.205722222222221696e+00 8.426612903225806361e-01 1.573387096774193916e-01
6.346916666666666984e+00 8.187419354838709751e-01 1.812580645161290527e-01
6.486833333333333229e+00 8.673951612903224584e-01 1.326048387096775139e-01
6.599999999999999645e+00 8.353548387096774164e-01 1.646451612903226391e-01
6.909666666666666401e+00 8.359596774193548407e-01 1.640403225806451870e-01
7.021722222222222420e+00 8.684354838709676949e-01 1.315645161290323328e-01
7.162611111111111484e+00 8.606370967741936440e-01 1.393629032258064115e-01
7.359555555555555628e+00 8.690887096774193576e-01 1.309112903225806701e-01
7.528611111111111143e+00 8.613467741935483257e-01 1.386532258064516465e-01
7.669916666666666494e+00 8.293629032258064138e-01 1.706370967741935307e-01
7.809972222222222982e+00 8.699596774193547599e-01 1.300403225806452123e-01
8.035777777777777686e+00 8.381370967741934574e-01 1.618629032258065426e-01
8.232555555555554960e+00 8.546451612903225303e-01 1.453548387096774419e-01
8.429888888888887877e+00 8.389032258064516023e-01 1.610967741935483977e-01
8.514361111111110603e+00 8.390645161290323228e-01 1.609354838709677049e-01
8.682694444444445381e+00 8.716451612903226565e-01 1.283548387096773991e-01
8.851611111111111541e+00 8.719758064516128782e-01 1.280241935483871218e-01
9.048527777777778169e+00 8.804193548387095891e-01 1.195806451612903970e-01
9.189166666666666927e+00 8.887580645161290427e-01 1.112419354838709989e-01
9.330333333333332035e+00 8.648387096774193816e-01 1.351612903225806461e-01
4.768972222222221946e-01 2.202906250000000177e-02 9.779709374999999705e-01
5.890861111111110882e-01 5.355958333333333404e-02 9.464404166666666729e-01
8.420333333333334114e-01 8.544197916666668169e-02 9.145580208333333738e-01
9.540777777777776913e-01 1.273885416666666881e-01 8.726114583333333119e-01
1.122288888888888891e+00 1.798927083333333177e-01 8.201072916666667378e-01
1.347647222222222219e+00 1.700395833333333273e-01 8.299604166666667560e-01
1.486999999999999877e+00 2.745541666666667102e-01 7.254458333333333453e-01
1.627761111111110992e+00 2.749062500000000187e-01 7.250937499999999813e-01
1.852555555555555511e+00 3.067187500000000400e-01 6.932812500000000711e-01
1.992752777777777817e+00 3.487354166666666866e-01 6.512645833333333689e-01
2.161102777777777817e+00 3.908229166666666865e-01 6.091770833333333135e-01
2.301863888888888710e+00 3.911749999999999949e-01 6.088249999999999496e-01
2.498930555555555433e+00 3.916677083333333087e-01 6.083322916666666913e-01
2.667138888888889170e+00 4.441718750000000493e-01 5.558281250000000062e-01
2.835499999999999687e+00 4.862593750000000492e-01 5.137406249999999508e-01
3.060555555555555696e+00 4.972385416666666447e-01 5.027614583333332998e-01
3.200611111111111295e+00 5.496718750000000320e-01 4.503281250000000235e-01
3.341388888888888964e+00 5.500239583333333959e-01 4.499760416666666041e-01
3.510166666666666657e+00 5.608625000000000416e-01 4.391374999999999584e-01
3.706805555555555465e+00 5.926041666666667096e-01 4.073958333333332904e-01
3.875722222222222513e+00 5.930260416666667256e-01 4.069739583333332744e-01
4.043777777777777693e+00 6.559458333333333391e-01 3.440541666666666054e-01
4.213111111111111029e+00 6.251197916666666465e-01 3.748802083333332980e-01
4.297138888888889063e+00 6.565802083333333039e-01 3.434197916666666961e-01
4.466333333333333044e+00 6.361697916666667618e-01 3.638302083333332937e-01
4.662722222222222435e+00 6.887437499999999879e-01 3.112562500000000121e-01
4.831749999999999545e+00 6.787500000000000755e-01 3.212499999999999800e-01
5.028555555555555223e+00 7.000750000000000028e-01 2.999249999999999972e-01
5.169166666666666465e+00 7.108427083333334062e-01 2.891572916666666493e-01
5.365805555555556161e+00 7.425843749999999632e-01 2.574156250000000368e-01
5.450833333333333641e+00 7.011302083333333934e-01 2.988697916666666066e-01
5.647333333333333982e+00 7.432885416666666911e-01 2.567114583333332534e-01
5.844111111111111256e+00 7.646135416666667295e-01 2.353864583333332705e-01
5.984888888888888481e+00 7.649656250000000934e-01 2.350343749999999343e-01
6.210666666666667446e+00 7.238635416666666655e-01 2.761364583333333345e-01
6.322694444444445061e+00 7.658104166666667156e-01 2.341895833333333399e-01
6.491472222222221866e+00 7.766489583333333613e-01 2.233510416666666665e-01
6.660250000000000448e+00 7.874875000000000069e-01 2.125124999999999931e-01
6.857444444444444009e+00 7.775635416666667465e-01 2.224364583333332535e-01
7.026222222222222591e+00 7.884020833333333922e-01 2.115979166666666078e-01
7.138972222222221831e+00 7.782677083333333634e-01 2.217322916666666088e-01
7.420222222222221831e+00 7.998041666666666494e-01 2.001958333333333229e-01
7.561250000000000249e+00 7.793229166666666430e-01 2.206770833333333570e-01
7.842500000000000249e+00 8.008593750000000400e-01 1.991406249999999600e-01
7.870638888888888296e+00 8.009302083333333933e-01 1.990697916666666345e-01
8.067444444444443974e+00 8.222552083333333206e-01 1.777447916666666239e-01
8.377527777777777018e+00 7.917802083333334018e-01 2.082197916666666260e-01
8.461999999999999744e+00 7.919916666666666494e-01 2.080083333333333506e-01
8.686916666666666842e+00 8.133875000000000410e-01 1.866125000000000145e-01
8.855555555555556069e+00 8.346427083333334274e-01 1.653572916666666281e-01
8.996750000000000469e+00 8.037458333333333815e-01 1.962541666666666462e-01
9.137361111111111711e+00 8.145135416666666739e-01 1.854864583333333261e-01
9.362305555555556325e+00 8.359093750000000655e-01 1.640906249999999900e-01
7.022555555555555218e-01 1.579567567567567721e-02 9.842043243243242534e-01
8.710277777777777342e-01 2.985648648648648457e-02 9.701435135135134669e-01
9.553444444444443295e-01 4.364351351351351826e-02 9.563564864864864123e-01
1.152127777777777640e+00 7.130878378378377458e-02 9.286912162162161977e-01
1.377063888888888865e+00 9.906527027027027532e-02 9.009347297297297663e-01
1.517966666666666686e+00 8.600878378378377931e-02 9.139912162162161513e-01
1.687019444444444627e+00 7.304351351351349997e-02 9.269564864864864306e-01
1.799488888888888916e+00 8.692189189189188092e-02 9.130781081081081885e-01
2.052294444444444643e+00 1.417959459459459393e-01 8.582040540540540885e-01
2.165044444444444327e+00 1.286479729729729793e-01 8.713520270270269652e-01
2.361827777777777637e+00 1.563135135135134968e-01 8.436864864864864755e-01
2.474155555555555441e+00 1.837040540540540445e-01 8.162959459459459000e-01
2.727524999999999977e+00 1.845256756756756822e-01 8.154743243243243178e-01
2.810861111111111033e+00 2.929040540540540083e-01 7.070959459459459362e-01
3.036777777777777576e+00 2.260702702702702682e-01 7.739297297297298428e-01
3.177111111111110997e+00 2.670648648648648593e-01 7.329351351351351962e-01
3.345611111111111313e+00 3.081527027027027299e-01 6.918472972972973256e-01
3.655277777777777626e+00 3.091567567567567454e-01 6.908432432432431991e-01
3.823916666666666853e+00 3.367310810810810739e-01 6.632689189189189261e-01
3.992694444444444546e+00 3.507918918918918605e-01 6.492081081081081395e-01
4.189333333333333798e+00 3.919702702702702601e-01 6.080297297297297954e-01
4.274194444444444407e+00 3.517040540540540272e-01 6.482959459459459728e-01
4.414416666666666877e+00 4.062135135135134800e-01 5.937864864864864645e-01
4.667777777777777359e+00 4.070351351351351177e-01 5.929648648648648823e-01
4.836416666666666586e+00 4.346094594594594462e-01 5.653905405405404982e-01
5.005333333333333634e+00 4.351567567567567463e-01 5.648432432432433092e-01
5.173944444444444457e+00 4.627310810810810748e-01 5.372689189189189252e-01
5.342999999999999972e+00 4.497662162162161525e-01 5.502337837837838475e-01
5.511777777777778553e+00 4.638270270270269946e-01 5.361729729729730609e-01
5.708694444444444294e+00 4.779783783783783657e-01 5.220216216216215788e-01
5.793027777777778553e+00 4.917662162162161898e-01 5.082337837837838102e-01
6.018388888888889454e+00 4.789824324324324367e-01 5.210175675675675633e-01
6.214888888888888907e+00 5.336743243243243784e-01 4.663256756756756771e-01
6.355638888888888616e+00 5.341310810810810938e-01 4.658689189189189062e-01
6.524416666666667197e+00 5.481918918918917694e-01 4.518081081081081751e-01
6.665305555555555372e+00 5.351351351351351093e-01 4.648648648648648907e-01
6.833805555555556133e+00 5.762229729729729799e-01 4.237770270270270201e-01
7.030999999999999694e+00 5.633486486486486422e-01 4.366513513513514133e-01
7.200055555555556097e+00 5.503837837837838309e-01 4.496162162162162246e-01
7.368416666666666615e+00 6.049837837837838128e-01 3.950162162162161872e-01
7.509305555555555678e+00 5.919270270270269307e-01 4.080729729729730137e-01
7.706249999999999822e+00 6.060783783783784129e-01 3.939216216216216426e-01
8.015916666666665691e+00 6.070837837837838036e-01 3.929162162162162519e-01
8.184972222222222982e+00 5.941175675675675061e-01 4.058824324324324939e-01
8.353472222222222854e+00 6.352054054054053767e-01 3.647945945945946233e-01
8.578388888888889952e+00 6.629621621621620831e-01 3.370378378378378614e-01
8.663277777777777189e+00 6.226959459459459056e-01 3.773040540540540944e-01
8.831916666666666416e+00 6.502702702702702897e-01 3.497297297297297103e-01
9.000972222222221930e+00 6.373054054054053674e-01 3.626945945945946881e-01
9.225888888888887251e+00 6.650621621621620738e-01 3.349378378378379262e-01
9.310361111111111754e+00 6.653351351351350917e-01 3.346648648648649638e-01
9.507555555555555316e+00 6.524621621621621292e-01 3.475378378378378708e-01
