8.474583333333332580e-02 4.020340000000000025e-01 2.249796599999999813e+01
1.412430555555555522e-01 8.033900000000000485e-01 2.209660999999999831e+01
2.259886111111110985e-01 2.005419999999999980e+00 2.089457999999999771e+01
3.389833333333333032e-01 3.708140000000000214e+00 1.919185999999999837e+01
4.519777777777777561e-01 5.310850000000000293e+00 1.758914999999999651e+01
5.649722222222222090e-01 8.113559999999999661e+00 1.478643999999999892e+01
6.779666666666666064e-01 1.051629999999999932e+01 1.238369999999999926e+01
7.627111111111111175e-01 1.341830000000000034e+01 9.481699999999998241e+00
9.039555555555555122e-01 1.842170000000000130e+01 4.478299999999997283e+00
1.045197222222222333e+00 1.932509999999999906e+01 3.574899999999999523e+00
1.101694444444444310e+00 1.982639999999999958e+01 3.073599999999999000e+00
1.214688888888888929e+00 2.022919999999999874e+01 2.670799999999999841e+00
1.412430555555555634e+00 2.003389999999999915e+01 2.866099999999999426e+00
1.497174999999999923e+00 2.013589999999999947e+01 2.764099999999999113e+00
1.694913888888888831e+00 1.974070000000000036e+01 3.159299999999998221e+00
1.892655555555555758e+00 1.974540000000000006e+01 3.154599999999998516e+00
2.005650000000000155e+00 1.974810000000000088e+01 3.151899999999997704e+00
2.231638888888888950e+00 2.005359999999999943e+01 2.846399999999999153e+00
3.672305555555555601e-01 1.208809999999999940e+00 1.909119000000000099e+01
3.954805555555555574e-01 1.909489999999999910e+00 1.839050999999999902e+01
4.802249999999999575e-01 2.811529999999999863e+00 1.748846999999999952e+01
5.932194444444445214e-01 4.214240000000000208e+00 1.608576000000000050e+01
6.779666666666666064e-01 5.216269999999999740e+00 1.508373000000000097e+01
7.627111111111111175e-01 7.518309999999999604e+00 1.278169000000000111e+01
8.474583333333333135e-01 9.420339999999999492e+00 1.087966000000000122e+01
9.039555555555555122e-01 1.152169999999999916e+01 8.778300000000001546e+00
1.045197222222222333e+00 1.392510000000000048e+01 6.374900000000000233e+00
1.158191666666666508e+00 1.502779999999999916e+01 5.272200000000001552e+00
1.186441666666666617e+00 1.632849999999999824e+01 3.971500000000002473e+00
1.299436111111111236e+00 1.723120000000000118e+01 3.068799999999999528e+00
1.384180555555555525e+00 1.773320000000000007e+01 2.566800000000000637e+00
1.468927777777777832e+00 1.733530000000000015e+01 2.964700000000000557e+00
1.610169444444444320e+00 1.733859999999999957e+01 2.961400000000001143e+00
1.807908333333333450e+00 1.714339999999999975e+01 3.156600000000000961e+00
1.949152777777777734e+00 1.734680000000000177e+01 2.953199999999998937e+00
2.118644444444444552e+00 1.715080000000000027e+01 3.149200000000000443e+00
2.259886111111111262e+00 1.695420000000000016e+01 3.345800000000000551e+00
2.457627777777777744e+00 1.695899999999999963e+01 3.341000000000001080e+00
2.627119444444444341e+00 1.696310000000000073e+01 3.336899999999999977e+00
2.796611111111110937e+00 1.686710000000000065e+01 3.432900000000000063e+00
2.966111111111111143e+00 1.707120000000000104e+01 3.228799999999999670e+00
3.107333333333333059e+00 1.717460000000000164e+01 3.125399999999999068e+00
3.474583333333333357e+00 1.708340000000000103e+01 3.216599999999999682e+00
3.785305555555555479e+00 1.689079999999999870e+01 3.409200000000002007e+00
4.124305555555555891e+00 1.729899999999999949e+01 3.001000000000001222e+00
4.265527777777777807e+00 1.700240000000000151e+01 3.297599999999999199e+00
4.519777777777777561e-01 1.210849999999999982e+00 1.608915000000000006e+01
5.649722222222222090e-01 1.713559999999999972e+00 1.558644000000000140e+01
6.779666666666666064e-01 2.616270000000000095e+00 1.468373000000000062e+01
7.344638888888889161e-01 3.517630000000000035e+00 1.378237000000000023e+01
8.474583333333333135e-01 4.520340000000000025e+00 1.277965999999999980e+01
9.604527777777778219e-01 6.023049999999999571e+00 1.127695000000000114e+01
9.887000000000000233e-01 7.223729999999999762e+00 1.007627000000000095e+01
1.101694444444444310e+00 8.726440000000000197e+00 8.573560000000000514e+00
1.158191666666666508e+00 1.012780000000000058e+01 7.172200000000000131e+00
1.299436111111111236e+00 1.153120000000000012e+01 5.768800000000000594e+00
1.355933333333333213e+00 1.283249999999999957e+01 4.467500000000001137e+00
1.412430555555555634e+00 1.373390000000000022e+01 3.566100000000000492e+00
1.581922222222222230e+00 1.453800000000000026e+01 2.762000000000000455e+00
1.666666666666666741e+00 1.514000000000000057e+01 2.160000000000000142e+00
1.892655555555555758e+00 1.524540000000000006e+01 2.054600000000000648e+00
2.203388888888888619e+00 1.505289999999999928e+01 2.247100000000001430e+00
2.372880555555555659e+00 1.525689999999999991e+01 2.043100000000000804e+00
2.542372222222222256e+00 1.506099999999999994e+01 2.239000000000000767e+00
2.683616666666666983e+00 1.496439999999999948e+01 2.335600000000001231e+00
2.881361111111111040e+00 1.506920000000000037e+01 2.230800000000000338e+00
3.022611111111110915e+00 1.477250000000000085e+01 2.527499999999999858e+00
3.192083333333333162e+00 1.487659999999999982e+01 2.423400000000000887e+00
3.333333333333333481e+00 1.477999999999999936e+01 2.520000000000001350e+00
3.502833333333333687e+00 1.498409999999999975e+01 2.315900000000000958e+00
3.757055555555555593e+00 1.489020000000000010e+01 2.409800000000000608e+00
3.870055555555555582e+00 1.489289999999999914e+01 2.407100000000001572e+00
5.084750000000000103e-01 6.122030000000000527e-01 1.428779700000000119e+01
6.779666666666666064e-01 1.116270000000000095e+00 1.378373000000000026e+01
8.474583333333333135e-01 1.920339999999999936e+00 1.297966000000000086e+01
9.322027777777777136e-01 2.322369999999999823e+00 1.257763000000000098e+01
1.016950000000000021e+00 3.424409999999999954e+00 1.147559000000000040e+01
1.129944444444444418e+00 3.927119999999999944e+00 1.097287999999999997e+01
1.186441666666666617e+00 4.828470000000000262e+00 1.007152999999999921e+01
1.327683333333333326e+00 5.831859999999999822e+00 9.068139999999999645e+00
1.384180555555555525e+00 6.633219999999999672e+00 8.266780000000000683e+00
1.440677777777777724e+00 7.234580000000000233e+00 7.665420000000000122e+00
1.525425000000000031e+00 8.236610000000000653e+00 6.663389999999999702e+00
1.638419444444444650e+00 9.339320000000000732e+00 5.560679999999999623e+00
1.723163888888888939e+00 1.054139999999999944e+01 4.358600000000000918e+00
1.807908333333333450e+00 1.114339999999999975e+01 3.756600000000000605e+00
1.864405555555555427e+00 1.154470000000000063e+01 3.355299999999999727e+00
1.977400000000000047e+00 1.234750000000000014e+01 2.552500000000000213e+00
2.146891666666666865e+00 1.275150000000000006e+01 2.148500000000000298e+00
2.316383333333333017e+00 1.255560000000000009e+01 2.344400000000000261e+00
2.542372222222222256e+00 1.256099999999999994e+01 2.339000000000000412e+00
2.711863888888888852e+00 1.276510000000000034e+01 2.134900000000000020e+00
2.881361111111111040e+00 1.276919999999999966e+01 2.130800000000000693e+00
3.050861111111111246e+00 1.257319999999999993e+01 2.326800000000000423e+00
3.163833333333333275e+00 1.247589999999999932e+01 2.424100000000001032e+00
3.389833333333333254e+00 1.278139999999999965e+01 2.118600000000000705e+00
3.531083333333333130e+00 1.248470000000000013e+01 2.415300000000000225e+00
3.700555555555555376e+00 1.268880000000000052e+01 2.211199999999999832e+00
3.870055555555555582e+00 1.249290000000000056e+01 2.407099999999999795e+00
7.344638888888889161e-01 3.176269999999999927e-01 1.118237300000000012e+01
9.604527777777778219e-01 6.230510000000000215e-01 1.087694899999999976e+01
1.158191666666666508e+00 8.277970000000000050e-01 1.067220299999999966e+01
1.355933333333333213e+00 1.232539999999999969e+00 1.026745999999999981e+01
1.553672222222222343e+00 1.437289999999999957e+00 1.006270999999999916e+01
1.610169444444444320e+00 2.238640000000000185e+00 9.261359999999999815e+00
1.723163888888888939e+00 2.741359999999999797e+00 8.758639999999999759e+00
1.892655555555555758e+00 3.445419999999999927e+00 8.054579999999999629e+00
1.977400000000000047e+00 4.147459999999999702e+00 7.352540000000000298e+00
2.090394444444444666e+00 4.550169999999999604e+00 6.949830000000000396e+00
2.118644444444444552e+00 5.250849999999999795e+00 6.249150000000000205e+00
2.288136111111111148e+00 5.654919999999999725e+00 5.845080000000000275e+00
2.316383333333333017e+00 6.555589999999999584e+00 4.944410000000000416e+00
2.429377777777777858e+00 7.058309999999999640e+00 4.441690000000000360e+00
2.570622222222222142e+00 7.961689999999999934e+00 3.538310000000000066e+00
2.711863888888888852e+00 8.965080000000000382e+00 2.534919999999999618e+00
2.881361111111111040e+00 9.269149999999999778e+00 2.230850000000000222e+00
3.135583333333333389e+00 9.575250000000000483e+00 1.924749999999999517e+00
3.305083333333333151e+00 9.779320000000000235e+00 1.720679999999999765e+00
3.502833333333333687e+00 9.784069999999999823e+00 1.715930000000000177e+00
3.672305555555555490e+00 9.688140000000000640e+00 1.811859999999999360e+00
3.870055555555555582e+00 9.592879999999999185e+00 1.907120000000000815e+00
4.011305555555555458e+00 9.696270000000000167e+00 1.803729999999999833e+00
4.180777777777777260e+00 9.500339999999999563e+00 1.999660000000000437e+00
4.491527777777777786e+00 1.000779999999999959e+01 1.492200000000000415e+00
4.830499999999999794e+00 9.815929999999999822e+00 1.684070000000000178e+00
5.169500000000000206e+00 9.824070000000000746e+00 1.675929999999999254e+00
1.412430555555555634e+00 1.338979999999999893e-01 8.366101999999999705e+00
1.666666666666666741e+00 2.399999999999999911e-01 8.259999999999999787e+00
1.836158333333333337e+00 3.440679999999999850e-01 8.155931999999999960e+00
2.033897222222222023e+00 7.488139999999999796e-01 7.751185999999999687e+00
2.203388888888888619e+00 7.528810000000000224e-01 7.747118999999999645e+00
2.401130555555555546e+00 9.576270000000000060e-01 7.542372999999999550e+00
2.570622222222222142e+00 1.261689999999999978e+00 7.238310000000000244e+00
2.683616666666666983e+00 1.664409999999999945e+00 6.835589999999999833e+00
2.824861111111111267e+00 2.067800000000000082e+00 6.432199999999999918e+00
3.022611111111110915e+00 2.472539999999999960e+00 6.027459999999999596e+00
3.192083333333333162e+00 2.976609999999999978e+00 5.523390000000000022e+00
3.361583333333333368e+00 3.780679999999999819e+00 4.719319999999999737e+00
3.502833333333333687e+00 3.984070000000000000e+00 4.515930000000000000e+00
3.587583333333333346e+00 4.086100000000000065e+00 4.413899999999999935e+00
3.700555555555555376e+00 4.588809999999999611e+00 3.911190000000000389e+00
3.841805555555555696e+00 5.492200000000000415e+00 3.007799999999999585e+00
4.067805555555555230e+00 5.997630000000000017e+00 2.502369999999999983e+00
4.180777777777777260e+00 6.200339999999999741e+00 2.299660000000000259e+00
4.265527777777777807e+00 6.802369999999999806e+00 1.697630000000000194e+00
4.406777777777777239e+00 6.905759999999999899e+00 1.594240000000000101e+00
4.576277777777777445e+00 7.009830000000000005e+00 1.490169999999999995e+00
4.745750000000000135e+00 6.913899999999999935e+00 1.586100000000000065e+00
4.858749999999999680e+00 6.916610000000000369e+00 1.583389999999999631e+00
5.028249999999999886e+00 7.020679999999999588e+00 1.479320000000000412e+00
5.169500000000000206e+00 6.724070000000000213e+00 1.775929999999999787e+00
1.779661111111111138e+00 -5.728810000000000152e-02 6.757288100000000242e+00
2.005650000000000155e+00 1.481359999999999899e-01 6.551864000000000132e+00
2.146891666666666865e+00 1.515249999999999930e-01 6.548474999999999824e+00
2.344633333333333347e+00 1.562709999999999932e-01 6.543728999999999907e+00
2.485875000000000057e+00 1.596609999999999974e-01 6.540339000000000347e+00
2.655366666666666653e+00 2.637289999999999912e-01 6.436271000000000519e+00
3.050861111111111246e+00 3.732199999999999962e-01 6.326780000000000292e+00
3.220333333333333492e+00 6.772880000000000011e-01 6.022712000000000288e+00
3.502833333333333687e+00 8.840679999999999650e-01 5.815932000000000102e+00
3.644055555555555603e+00 1.187459999999999960e+00 5.512540000000000440e+00
3.898305555555555468e+00 1.793560000000000043e+00 4.906439999999999912e+00
4.152555555555555777e+00 1.999659999999999993e+00 4.700340000000000629e+00
4.322027777777777580e+00 2.003730000000000011e+00 4.696270000000000167e+00
4.491527777777777786e+00 2.607800000000000118e+00 4.092200000000000060e+00
4.689277777777777878e+00 3.112540000000000084e+00 3.587460000000000093e+00
4.830499999999999794e+00 3.415929999999999911e+00 3.284070000000000267e+00
5.000000000000000000e+00 3.819999999999999840e+00 2.880000000000000338e+00
5.197750000000000092e+00 4.024750000000000050e+00 2.675250000000000128e+00
5.367222222222221895e+00 4.328809999999999825e+00 2.371190000000000353e+00
5.508472222222222214e+00 4.232199999999999740e+00 2.467800000000000438e+00
5.706222222222222307e+00 4.836949999999999861e+00 1.863050000000000317e+00
5.847444444444444223e+00 5.240339999999999776e+00 1.459660000000000402e+00
6.016944444444444429e+00 4.844409999999999883e+00 1.855590000000000295e+00
6.186444444444444635e+00 4.848469999999999835e+00 1.851530000000000342e+00
6.355944444444444841e+00 5.152540000000000120e+00 1.547460000000000058e+00
6.525416666666666643e+00 5.156609999999999694e+00 1.543390000000000484e+00
6.638416666666666188e+00 4.959319999999999951e+00 1.740680000000000227e+00
6.836166666666667169e+00 4.864069999999999894e+00 1.835930000000000284e+00
7.033888888888888857e+00 5.068810000000000038e+00 1.631190000000000140e+00
7.175138888888889177e+00 5.172200000000000131e+00 1.527800000000000047e+00
7.316388888888888609e+00 4.775590000000000224e+00 1.924409999999999954e+00
7.485888888888888815e+00 4.879660000000000331e+00 1.820339999999999847e+00
7.683611111111111391e+00 4.884409999999999918e+00 1.815590000000000259e+00
7.824861111111110823e+00 4.787799999999999834e+00 1.912200000000000344e+00
7.937861111111111256e+00 4.990509999999999557e+00 1.709490000000000620e+00
8.135583333333332945e+00 4.995250000000000412e+00 1.704749999999999766e+00
