2.000000000000000000e+02 nan
4.000000000000000000e+02 1.903999137878417969e+01
6.000000000000000000e+02 1.960557937622070312e+01
8.000000000000000000e+02 4.509962081909179688e+01
1.000000000000000000e+03 5.164345550537109375e+01
1.200000000000000000e+03 7.469691276550292969e+00
1.300000000000000000e+03 1.492583465576171875e+01
1.400000000000000000e+03 1.614578247070312500e+01
1.500000000000000000e+03 1.367272090911865234e+01
1.600000000000000000e+03 4.231623649597167969e+00
1.610000000000000000e+03 4.922459125518798828e+00
1.620000000000000000e+03 4.351044178009033203e+00
1.630000000000000000e+03 6.501791954040527344e+00
1.640000000000000000e+03 4.016609668731689453e+00
1.650000000000000000e+03 5.585165023803710938e+00
1.660000000000000000e+03 4.808199882507324219e+00
1.670000000000000000e+03 4.659265995025634766e+00
1.680000000000000000e+03 3.674572944641113281e+00
1.690000000000000000e+03 3.631292819976806641e+00
1.700000000000000000e+03 3.316881656646728516e+00
1.710000000000000000e+03 3.767765283584594727e+00
1.720000000000000000e+03 4.039160251617431641e+00
1.730000000000000000e+03 3.627130508422851562e+00
1.740000000000000000e+03 3.730368852615356445e+00
1.750000000000000000e+03 3.006459951400756836e+00
1.760000000000000000e+03 3.962396144866943359e+00
1.770000000000000000e+03 4.343601226806640625e+00
1.780000000000000000e+03 3.652072191238403320e+00
1.790000000000000000e+03 3.189146995544433594e+00
1.800000000000000000e+03 2.939349889755249023e+00
1.810000000000000000e+03 2.592921257019042969e+00
1.820000000000000000e+03 4.328920364379882812e+00
1.830000000000000000e+03 4.196519374847412109e+00
1.840000000000000000e+03 4.171459674835205078e+00
1.850000000000000000e+03 3.654515027999877930e+00
1.860000000000000000e+03 5.148272037506103516e+00
1.880000000000000000e+03 4.947258949279785156e+00
1.890000000000000000e+03 4.171609878540039062e+00
1.900000000000000000e+03 4.216666698455810547e+00
1.910000000000000000e+03 5.230762958526611328e+00
1.920000000000000000e+03 3.331509113311767578e+00
1.930000000000000000e+03 4.015145778656005859e+00
1.940000000000000000e+03 4.808845996856689453e+00
1.950000000000000000e+03 4.030913352966308594e+00
1.960000000000000000e+03 4.361733436584472656e+00
1.970000000000000000e+03 4.781559944152832031e+00
1.980000000000000000e+03 4.473554134368896484e+00
1.990000000000000000e+03 4.689932823181152344e+00
2.000000000000000000e+03 5.301784515380859375e+00
2.020000000000000000e+03 5.912807464599609375e+00
2.040000000000000000e+03 5.352079391479492188e+00
2.060000000000000000e+03 5.545957088470458984e+00
2.080000000000000000e+03 4.937388420104980469e+00
2.090000000000000000e+03 5.380988121032714844e+00
2.100000000000000000e+03 4.362382411956787109e+00
2.110000000000000000e+03 5.494221687316894531e+00
2.120000000000000000e+03 4.795168876647949219e+00
2.130000000000000000e+03 4.801302909851074219e+00
2.140000000000000000e+03 4.473402500152587891e+00
2.150000000000000000e+03 4.115656852722167969e+00
2.160000000000000000e+03 4.182136058807373047e+00
2.170000000000000000e+03 4.729071140289306641e+00
2.180000000000000000e+03 4.737712383270263672e+00
2.190000000000000000e+03 4.321934700012207031e+00
2.200000000000000000e+03 4.944717407226562500e+00
2.210000000000000000e+03 5.295396804809570312e+00
2.220000000000000000e+03 4.239786148071289062e+00
2.230000000000000000e+03 4.414515495300292969e+00
2.240000000000000000e+03 4.623689174652099609e+00
2.250000000000000000e+03 4.167004108428955078e+00
2.260000000000000000e+03 4.573399543762207031e+00
2.270000000000000000e+03 5.065560817718505859e+00
2.280000000000000000e+03 4.970328330993652344e+00
2.290000000000000000e+03 3.914539575576782227e+00
2.300000000000000000e+03 4.698092937469482422e+00
2.310000000000000000e+03 4.952511310577392578e+00
2.320000000000000000e+03 4.360310554504394531e+00
2.330000000000000000e+03 4.986202239990234375e+00
2.340000000000000000e+03 5.257436752319335938e+00
2.360000000000000000e+03 3.093202829360961914e+00
2.370000000000000000e+03 4.275085926055908203e+00
2.380000000000000000e+03 2.750211477279663086e+00
2.390000000000000000e+03 4.643723487854003906e+00
2.400000000000000000e+03 4.596210479736328125e+00
2.410000000000000000e+03 3.786192655563354492e+00
2.420000000000000000e+03 3.812549829483032227e+00
2.430000000000000000e+03 3.886323451995849609e+00
2.440000000000000000e+03 4.606619358062744141e+00
2.450000000000000000e+03 4.443298816680908203e+00
2.460000000000000000e+03 4.915944099426269531e+00
2.470000000000000000e+03 4.013941287994384766e+00
2.480000000000000000e+03 4.060430526733398438e+00
2.490000000000000000e+03 3.551531076431274414e+00
2.500000000000000000e+03 4.507937431335449219e+00
2.510000000000000000e+03 3.314741134643554688e+00
2.520000000000000000e+03 3.238531112670898438e+00
2.530000000000000000e+03 4.870927333831787109e+00
2.540000000000000000e+03 4.517538070678710938e+00
2.550000000000000000e+03 3.801928520202636719e+00
2.560000000000000000e+03 3.531454801559448242e+00
2.570000000000000000e+03 3.284209489822387695e+00
2.580000000000000000e+03 5.176560878753662109e+00
2.600000000000000000e+03 5.781646251678466797e+00
2.620000000000000000e+03 2.875897407531738281e+00
2.630000000000000000e+03 4.352653980255126953e+00
2.640000000000000000e+03 5.683210849761962891e+00
2.660000000000000000e+03 2.643545627593994141e+00
2.670000000000000000e+03 3.466010093688964844e+00
2.680000000000000000e+03 4.553608417510986328e+00
2.690000000000000000e+03 3.858830213546752930e+00
2.700000000000000000e+03 4.557067394256591797e+00
2.710000000000000000e+03 3.607633590698242188e+00
2.720000000000000000e+03 4.871714591979980469e+00
2.730000000000000000e+03 3.879412651062011719e+00
2.740000000000000000e+03 5.132391929626464844e+00
2.760000000000000000e+03 5.372011184692382812e+00
2.780000000000000000e+03 5.218952655792236328e+00
2.800000000000000000e+03 4.461186408996582031e+00
2.810000000000000000e+03 3.260584354400634766e+00
2.820000000000000000e+03 3.214764595031738281e+00
2.830000000000000000e+03 4.276791095733642578e+00
2.840000000000000000e+03 3.467033147811889648e+00
2.850000000000000000e+03 5.350578784942626953e+00
2.860000000000000000e+03 5.494103908538818359e+00
2.880000000000000000e+03 3.950555324554443359e+00
2.890000000000000000e+03 3.268056869506835938e+00
2.900000000000000000e+03 2.123990774154663086e+00
2.910000000000000000e+03 2.876113176345825195e+00
2.920000000000000000e+03 2.563407897949218750e+00
2.930000000000000000e+03 2.319192886352539062e+00
2.940000000000000000e+03 2.678255558013916016e+00
2.950000000000000000e+03 3.824363946914672852e+00
2.960000000000000000e+03 1.692086935043334961e+00
2.970000000000000000e+03 4.096873283386230469e+00
2.980000000000000000e+03 2.494065999984741211e+00
2.990000000000000000e+03 1.170293807983398438e+00
3.000000000000000000e+03 2.387220144271850586e+00
3.010000000000000000e+03 3.146137714385986328e+00
3.020000000000000000e+03 2.365132808685302734e+00
3.030000000000000000e+03 3.587934255599975586e+00
3.040000000000000000e+03 1.572553277015686035e+00
3.050000000000000000e+03 2.424425125122070312e+00
3.060000000000000000e+03 1.745404005050659180e+00
3.070000000000000000e+03 3.026934146881103516e+00
3.080000000000000000e+03 3.696657180786132812e+00
3.090000000000000000e+03 4.491815090179443359e+00
3.100000000000000000e+03 2.766509294509887695e+00
3.110000000000000000e+03 3.182466983795166016e+00
3.120000000000000000e+03 3.707476139068603516e+00
3.130000000000000000e+03 2.096846818923950195e+00
3.140000000000000000e+03 4.116119384765625000e+00
3.150000000000000000e+03 3.744007587432861328e+00
3.160000000000000000e+03 3.287320852279663086e+00
3.170000000000000000e+03 8.998265862464904785e-01
3.172000000000000000e+03 1.411920309066772461e+00
3.180000000000000000e+03 2.187618017196655273e+00
3.190000000000000000e+03 4.459920883178710938e+00
3.200000000000000000e+03 2.488472938537597656e+00
3.210000000000000000e+03 2.549894809722900391e+00
3.220000000000000000e+03 2.527850627899169922e+00
3.230000000000000000e+03 2.230745315551757812e+00
3.240000000000000000e+03 2.771373033523559570e+00
3.250000000000000000e+03 3.460475206375122070e+00
3.260000000000000000e+03 3.611190557479858398e+00
3.270000000000000000e+03 9.885504841804504395e-01
3.272000000000000000e+03 1.381087779998779297e+00
3.280000000000000000e+03 2.423553705215454102e+00
3.290000000000000000e+03 2.735445976257324219e+00
3.300000000000000000e+03 1.465039014816284180e+00
3.310000000000000000e+03 2.480441808700561523e+00
3.320000000000000000e+03 2.787431716918945312e+00
3.330000000000000000e+03 2.617698907852172852e+00
3.340000000000000000e+03 3.603039741516113281e+00
3.350000000000000000e+03 4.359150886535644531e+00
3.360000000000000000e+03 3.283731460571289062e+00
3.370000000000000000e+03 2.435125827789306641e+00
3.380000000000000000e+03 3.245428085327148438e+00
3.390000000000000000e+03 3.870254278182983398e+00
3.400000000000000000e+03 2.204649925231933594e+00
3.410000000000000000e+03 1.433048844337463379e+00
3.420000000000000000e+03 2.572411537170410156e+00
3.430000000000000000e+03 2.345508337020874023e+00
3.440000000000000000e+03 3.085296392440795898e+00
3.450000000000000000e+03 4.322837352752685547e+00
3.460000000000000000e+03 2.435704946517944336e+00
3.470000000000000000e+03 2.996651649475097656e+00
3.480000000000000000e+03 2.233176946640014648e+00
3.490000000000000000e+03 1.412283778190612793e+00
3.500000000000000000e+03 1.603157997131347656e+00
3.510000000000000000e+03 1.753867745399475098e+00
3.520000000000000000e+03 2.060031414031982422e+00
3.530000000000000000e+03 2.090721845626831055e+00
3.540000000000000000e+03 1.445240974426269531e+00
3.550000000000000000e+03 1.834824204444885254e+00
3.560000000000000000e+03 3.454245090484619141e+00
3.570000000000000000e+03 2.603934288024902344e+00
3.580000000000000000e+03 1.553140282630920410e+00
3.590000000000000000e+03 2.780486822128295898e+00
3.600000000000000000e+03 2.657882690429687500e+00
3.610000000000000000e+03 1.956077694892883301e+00
3.620000000000000000e+03 2.511982679367065430e+00
3.630000000000000000e+03 1.067401051521301270e+00
3.640000000000000000e+03 1.795342564582824707e+00
3.650000000000000000e+03 1.865802049636840820e+00
3.660000000000000000e+03 2.759564161300659180e+00
3.670000000000000000e+03 1.795323371887207031e+00
3.680000000000000000e+03 2.437903881072998047e+00
3.690000000000000000e+03 2.893991947174072266e+00
3.700000000000000000e+03 4.429036140441894531e+00
3.710000000000000000e+03 2.744939565658569336e+00
3.720000000000000000e+03 9.136218428611755371e-01
3.722000000000000000e+03 1.379733562469482422e+00
3.730000000000000000e+03 1.704378247261047363e+00
3.740000000000000000e+03 2.011680841445922852e+00
3.750000000000000000e+03 4.125587940216064453e+00
3.760000000000000000e+03 1.987150311470031738e+00
3.770000000000000000e+03 1.554164290428161621e+00
3.780000000000000000e+03 7.348016500473022461e-01
3.781000000000000000e+03 8.986014723777770996e-01
3.782000000000000000e+03 9.905071258544921875e-01
3.784000000000000000e+03 2.308347225189208984e+00
3.790000000000000000e+03 1.428080320358276367e+00
3.800000000000000000e+03 9.860807061195373535e-01
3.802000000000000000e+03 1.100939154624938965e+00
3.810000000000000000e+03 9.037393927574157715e-01
3.812000000000000000e+03 1.713885307312011719e+00
3.820000000000000000e+03 7.866919636726379395e-01
3.821000000000000000e+03 9.145447611808776855e-01
3.822000000000000000e+03 7.834020256996154785e-01
3.823000000000000000e+03 1.130251288414001465e+00
3.830000000000000000e+03 1.194270968437194824e+00
3.840000000000000000e+03 1.673327207565307617e+00
3.850000000000000000e+03 8.876018524169921875e-01
3.852000000000000000e+03 1.038828015327453613e+00
3.860000000000000000e+03 1.727169752120971680e+00
3.870000000000000000e+03 1.790594220161437988e+00
3.880000000000000000e+03 7.828966379165649414e-01
3.881000000000000000e+03 1.294485569000244141e+00
3.890000000000000000e+03 1.788707137107849121e+00
3.900000000000000000e+03 7.232598066329956055e-01
3.901000000000000000e+03 7.088942527770996094e-01
3.902000000000000000e+03 1.010911822319030762e+00
3.910000000000000000e+03 2.332501411437988281e+00
3.920000000000000000e+03 1.344911098480224609e+00
3.930000000000000000e+03 1.792968869209289551e+00
3.940000000000000000e+03 3.448331832885742188e+00
3.950000000000000000e+03 1.718021869659423828e+00
3.960000000000000000e+03 7.599639892578125000e-01
3.961000000000000000e+03 7.279561758041381836e-01
3.962000000000000000e+03 7.458493709564208984e-01
3.963000000000000000e+03 7.542012929916381836e-01
3.964000000000000000e+03 8.200064897537231445e-01
3.966000000000000000e+03 7.340028882026672363e-01
3.967000000000000000e+03 1.063774466514587402e+00
3.970000000000000000e+03 1.976572990417480469e+00
3.980000000000000000e+03 1.289990067481994629e+00
3.990000000000000000e+03 7.029349803924560547e-01
3.991000000000000000e+03 1.088457345962524414e+00
4.000000000000000000e+03 7.116093635559082031e-01
4.001000000000000000e+03 2.689521789550781250e+00
4.010000000000000000e+03 2.989633083343505859e+00
4.020000000000000000e+03 8.388476371765136719e-01
4.022000000000000000e+03 1.505578756332397461e+00
4.030000000000000000e+03 2.567988872528076172e+00
4.040000000000000000e+03 8.626747727394104004e-01
4.042000000000000000e+03 8.414597511291503906e-01
4.044000000000000000e+03 8.313013315200805664e-01
4.046000000000000000e+03 2.253827095031738281e+00
4.050000000000000000e+03 1.737816452980041504e+00
4.060000000000000000e+03 1.196781516075134277e+00
4.070000000000000000e+03 2.440004587173461914e+00
4.080000000000000000e+03 7.345457673072814941e-01
4.081000000000000000e+03 8.682512640953063965e-01
4.082000000000000000e+03 1.053710937500000000e+00
4.090000000000000000e+03 1.050751805305480957e+00
4.100000000000000000e+03 2.580008745193481445e+00
4.110000000000000000e+03 9.731137156486511230e-01
4.112000000000000000e+03 9.196171760559082031e-01
4.114000000000000000e+03 1.139259457588195801e+00
4.120000000000000000e+03 2.158547878265380859e+00
4.130000000000000000e+03 7.369166612625122070e-01
4.131000000000000000e+03 1.001384973526000977e+00
4.140000000000000000e+03 2.422262668609619141e+00
4.150000000000000000e+03 9.412940740585327148e-01
4.152000000000000000e+03 1.253582119941711426e+00
4.160000000000000000e+03 1.711466193199157715e+00
4.170000000000000000e+03 1.557046771049499512e+00
4.180000000000000000e+03 2.700950622558593750e+00
4.190000000000000000e+03 1.444075584411621094e+00
4.200000000000000000e+03 2.202237844467163086e+00
4.210000000000000000e+03 1.010511755943298340e+00
4.220000000000000000e+03 2.371417045593261719e+00
4.230000000000000000e+03 3.394728422164916992e+00
4.240000000000000000e+03 2.189214468002319336e+00
4.250000000000000000e+03 3.345395803451538086e+00
4.260000000000000000e+03 2.182149171829223633e+00
4.270000000000000000e+03 2.907902479171752930e+00
4.280000000000000000e+03 2.250756263732910156e+00
4.290000000000000000e+03 1.599713802337646484e+00
4.300000000000000000e+03 3.219583988189697266e+00
4.310000000000000000e+03 3.870342493057250977e+00
4.320000000000000000e+03 1.668286919593811035e+00
4.330000000000000000e+03 1.199773311614990234e+00
4.340000000000000000e+03 2.243572950363159180e+00
4.350000000000000000e+03 1.047731161117553711e+00
4.360000000000000000e+03 1.600664019584655762e+00
4.370000000000000000e+03 2.319882392883300781e+00
4.380000000000000000e+03 9.033908247947692871e-01
4.382000000000000000e+03 1.424404501914978027e+00
4.390000000000000000e+03 1.278992652893066406e+00
4.400000000000000000e+03 7.763803005218505859e-01
4.401000000000000000e+03 1.391690731048583984e+00
4.410000000000000000e+03 1.757679104804992676e+00
4.420000000000000000e+03 9.059527516365051270e-01
4.422000000000000000e+03 7.699538469314575195e-01
4.423000000000000000e+03 9.409940838813781738e-01
4.424000000000000000e+03 1.122283935546875000e+00
4.430000000000000000e+03 1.436619162559509277e+00
4.440000000000000000e+03 2.692040443420410156e+00
4.450000000000000000e+03 2.373054265975952148e+00
4.460000000000000000e+03 1.000212192535400391e+00
4.470000000000000000e+03 1.008454084396362305e+00
4.480000000000000000e+03 7.056189179420471191e-01
4.481000000000000000e+03 7.022306323051452637e-01
4.482000000000000000e+03 6.927217245101928711e-01
4.483000000000000000e+03 9.066925644874572754e-01
4.484000000000000000e+03 2.382953882217407227e+00
4.490000000000000000e+03 2.108870744705200195e+00
4.500000000000000000e+03 1.692315578460693359e+00
4.510000000000000000e+03 1.137971162796020508e+00
4.520000000000000000e+03 7.149198055267333984e-01
4.521000000000000000e+03 6.943812370300292969e-01
4.522000000000000000e+03 8.700322508811950684e-01
4.524000000000000000e+03 1.082201004028320312e+00
4.530000000000000000e+03 1.105158805847167969e+00
4.540000000000000000e+03 2.182131290435791016e+00
4.550000000000000000e+03 7.976144552230834961e-01
4.551000000000000000e+03 1.345419049263000488e+00
4.560000000000000000e+03 2.174427270889282227e+00
4.570000000000000000e+03 2.203887224197387695e+00
4.580000000000000000e+03 9.612966775894165039e-01
4.582000000000000000e+03 1.866305232048034668e+00
4.590000000000000000e+03 9.068855047225952148e-01
4.592000000000000000e+03 8.631946444511413574e-01
4.594000000000000000e+03 6.724092960357666016e-01
4.595000000000000000e+03 7.250545024871826172e-01
4.596000000000000000e+03 8.023254275321960449e-01
4.598000000000000000e+03 7.707118391990661621e-01
4.599000000000000000e+03 1.058012723922729492e+00
4.600000000000000000e+03 1.747082471847534180e+00
4.610000000000000000e+03 1.662635207176208496e+00
4.620000000000000000e+03 9.667240381240844727e-01
4.622000000000000000e+03 1.501398205757141113e+00
4.630000000000000000e+03 1.547422528266906738e+00
4.640000000000000000e+03 6.853370666503906250e-01
4.641000000000000000e+03 1.288810372352600098e+00
4.650000000000000000e+03 1.286976337432861328e+00
4.660000000000000000e+03 1.475710153579711914e+00
4.670000000000000000e+03 9.655601382255554199e-01
4.672000000000000000e+03 1.271238327026367188e+00
4.680000000000000000e+03 1.368852376937866211e+00
4.690000000000000000e+03 9.529886841773986816e-01
4.692000000000000000e+03 8.578115701675415039e-01
4.694000000000000000e+03 6.821900010108947754e-01
4.695000000000000000e+03 8.348154425621032715e-01
4.696000000000000000e+03 1.361355304718017578e+00
4.700000000000000000e+03 1.705169558525085449e+00
4.710000000000000000e+03 7.527078986167907715e-01
4.711000000000000000e+03 2.396410465240478516e+00
4.720000000000000000e+03 1.127177000045776367e+00
4.730000000000000000e+03 2.278883457183837891e+00
4.740000000000000000e+03 2.222187519073486328e+00
4.750000000000000000e+03 6.789256930351257324e-01
4.751000000000000000e+03 8.717793226242065430e-01
4.752000000000000000e+03 7.158669829368591309e-01
4.753000000000000000e+03 7.228726148605346680e-01
4.754000000000000000e+03 1.225727438926696777e+00
4.760000000000000000e+03 1.566203951835632324e+00
4.770000000000000000e+03 6.928980946540832520e-01
4.771000000000000000e+03 9.195256829261779785e-01
4.772000000000000000e+03 1.595770597457885742e+00
4.780000000000000000e+03 1.550459265708923340e+00
4.790000000000000000e+03 1.330828189849853516e+00
4.800000000000000000e+03 6.860087513923645020e-01
4.801000000000000000e+03 6.919566392898559570e-01
4.802000000000000000e+03 8.101815581321716309e-01
4.804000000000000000e+03 3.121315240859985352e+00
4.810000000000000000e+03 1.540753006935119629e+00
4.820000000000000000e+03 9.146451354026794434e-01
4.822000000000000000e+03 1.548092603683471680e+00
4.830000000000000000e+03 1.210838198661804199e+00
4.840000000000000000e+03 6.547291278839111328e-01
4.841000000000000000e+03 8.630470037460327148e-01
4.842000000000000000e+03 1.418291926383972168e+00
4.850000000000000000e+03 7.189273238182067871e-01
4.851000000000000000e+03 1.016178846359252930e+00
4.860000000000000000e+03 1.348405480384826660e+00
4.870000000000000000e+03 6.491733789443969727e-01
4.871000000000000000e+03 1.035418033599853516e+00
4.880000000000000000e+03 6.727088093757629395e-01
4.881000000000000000e+03 1.477846264839172363e+00
4.890000000000000000e+03 1.068006038665771484e+00
4.900000000000000000e+03 8.294126987457275391e-01
4.902000000000000000e+03 7.481936812400817871e-01
4.903000000000000000e+03 1.379191756248474121e+00
4.910000000000000000e+03 7.503243088722229004e-01
4.911000000000000000e+03 1.587606310844421387e+00
4.920000000000000000e+03 1.034384727478027344e+00
4.930000000000000000e+03 6.771035194396972656e-01
4.931000000000000000e+03 9.332627058029174805e-01
4.932000000000000000e+03 1.246584415435791016e+00
4.940000000000000000e+03 7.214189171791076660e-01
4.941000000000000000e+03 1.114715933799743652e+00
4.950000000000000000e+03 6.562955379486083984e-01
4.951000000000000000e+03 1.073195695877075195e+00
4.960000000000000000e+03 1.425187706947326660e+00
4.970000000000000000e+03 8.185260295867919922e-01
4.972000000000000000e+03 7.622862458229064941e-01
4.973000000000000000e+03 8.357398509979248047e-01
4.974000000000000000e+03 1.409041643142700195e+00
4.980000000000000000e+03 6.523851752281188965e-01
4.981000000000000000e+03 2.031094551086425781e+00
4.990000000000000000e+03 3.074751615524291992e+00
5.000000000000000000e+03 1.100329875946044922e+00
5.010000000000000000e+03 1.165317416191101074e+00
5.020000000000000000e+03 6.573996543884277344e-01
5.021000000000000000e+03 1.215625047683715820e+00
5.030000000000000000e+03 8.862411379814147949e-01
5.032000000000000000e+03 6.577679514884948730e-01
5.033000000000000000e+03 6.651891469955444336e-01
5.034000000000000000e+03 8.202885389328002930e-01
5.036000000000000000e+03 7.102141380310058594e-01
5.037000000000000000e+03 9.366108775138854980e-01
5.038000000000000000e+03 7.102422118186950684e-01
5.039000000000000000e+03 1.440466642379760742e+00
5.040000000000000000e+03 9.816021919250488281e-01
5.042000000000000000e+03 9.137350320816040039e-01
5.044000000000000000e+03 1.818477630615234375e+00
5.050000000000000000e+03 6.783744692802429199e-01
5.051000000000000000e+03 6.792106628417968750e-01
5.052000000000000000e+03 1.282853126525878906e+00
5.060000000000000000e+03 7.036747932434082031e-01
5.061000000000000000e+03 8.867309093475341797e-01
5.062000000000000000e+03 6.447526812553405762e-01
5.063000000000000000e+03 7.087067961692810059e-01
5.064000000000000000e+03 1.061755776405334473e+00
5.070000000000000000e+03 8.266655802726745605e-01
5.072000000000000000e+03 1.693570852279663086e+00
5.080000000000000000e+03 7.767159342765808105e-01
5.081000000000000000e+03 7.419877648353576660e-01
5.082000000000000000e+03 1.165360689163208008e+00
5.090000000000000000e+03 7.660146951675415039e-01
5.091000000000000000e+03 6.998502612113952637e-01
5.092000000000000000e+03 1.812570691108703613e+00
5.100000000000000000e+03 8.259968757629394531e-01
5.102000000000000000e+03 9.159175753593444824e-01
5.104000000000000000e+03 8.005235195159912109e-01
5.106000000000000000e+03 1.065225839614868164e+00
5.110000000000000000e+03 7.789396643638610840e-01
5.111000000000000000e+03 1.257987260818481445e+00
5.120000000000000000e+03 1.148850679397583008e+00
5.130000000000000000e+03 1.221496820449829102e+00
5.140000000000000000e+03 7.427185773849487305e-01
5.141000000000000000e+03 6.563401818275451660e-01
5.142000000000000000e+03 9.939416646957397461e-01
5.144000000000000000e+03 8.047807216644287109e-01
5.146000000000000000e+03 8.888204097747802734e-01
5.148000000000000000e+03 1.067631959915161133e+00
5.150000000000000000e+03 1.318489432334899902e+00
5.160000000000000000e+03 1.994190931320190430e+00
5.170000000000000000e+03 1.760697126388549805e+00
5.180000000000000000e+03 1.090081930160522461e+00
5.190000000000000000e+03 1.010059714317321777e+00
5.200000000000000000e+03 7.778233885765075684e-01
5.201000000000000000e+03 1.289276838302612305e+00
5.210000000000000000e+03 1.470382809638977051e+00
5.220000000000000000e+03 1.030831456184387207e+00
5.230000000000000000e+03 1.551673889160156250e+00
5.240000000000000000e+03 3.780161142349243164e+00
5.250000000000000000e+03 2.143637895584106445e+00
5.260000000000000000e+03 1.333035945892333984e+00
5.270000000000000000e+03 1.286042690277099609e+00
5.280000000000000000e+03 6.350139975547790527e-01
5.281000000000000000e+03 9.486974477767944336e-01
5.282000000000000000e+03 1.326743364334106445e+00
5.290000000000000000e+03 6.681351661682128906e-01
5.291000000000000000e+03 7.267805337905883789e-01
5.292000000000000000e+03 1.386976003646850586e+00
5.300000000000000000e+03 1.762845635414123535e+00
5.310000000000000000e+03 7.417293787002563477e-01
5.311000000000000000e+03 1.127241492271423340e+00
5.320000000000000000e+03 2.298548460006713867e+00
5.330000000000000000e+03 1.816076755523681641e+00
5.340000000000000000e+03 7.255051136016845703e-01
5.341000000000000000e+03 1.384385824203491211e+00
5.350000000000000000e+03 1.284925222396850586e+00
5.360000000000000000e+03 1.287998318672180176e+00
5.370000000000000000e+03 1.494802713394165039e+00
5.380000000000000000e+03 7.712419629096984863e-01
5.381000000000000000e+03 1.139038324356079102e+00
5.390000000000000000e+03 7.236815094947814941e-01
5.391000000000000000e+03 1.187243223190307617e+00
5.400000000000000000e+03 1.720149517059326172e+00
5.410000000000000000e+03 6.529407501220703125e-01
5.411000000000000000e+03 7.478487491607666016e-01
5.412000000000000000e+03 8.232142925262451172e-01
5.414000000000000000e+03 1.016118526458740234e+00
5.420000000000000000e+03 9.727337360382080078e-01
5.422000000000000000e+03 6.642932891845703125e-01
5.423000000000000000e+03 7.256849408149719238e-01
5.424000000000000000e+03 7.564045190811157227e-01
5.425000000000000000e+03 2.040217399597167969e+00
5.430000000000000000e+03 6.615009903907775879e-01
5.431000000000000000e+03 1.113522768020629883e+00
5.440000000000000000e+03 1.267369270324707031e+00
5.450000000000000000e+03 1.563479185104370117e+00
5.460000000000000000e+03 6.821838617324829102e-01
5.461000000000000000e+03 9.788663983345031738e-01
5.462000000000000000e+03 1.084812760353088379e+00
5.470000000000000000e+03 1.033605098724365234e+00
5.480000000000000000e+03 1.145844101905822754e+00
5.490000000000000000e+03 1.435570478439331055e+00
5.500000000000000000e+03 8.246505856513977051e-01
5.502000000000000000e+03 9.020857214927673340e-01
5.504000000000000000e+03 1.441445469856262207e+00
5.510000000000000000e+03 6.845889091491699219e-01
5.511000000000000000e+03 8.401832580566406250e-01
5.512000000000000000e+03 1.786917448043823242e+00
5.520000000000000000e+03 1.173036217689514160e+00
5.530000000000000000e+03 2.007591247558593750e+00
5.540000000000000000e+03 6.654218435287475586e-01
5.541000000000000000e+03 9.013673663139343262e-01
5.542000000000000000e+03 1.473171591758728027e+00
5.550000000000000000e+03 1.106022000312805176e+00
5.560000000000000000e+03 7.498279809951782227e-01
5.561000000000000000e+03 1.455648779869079590e+00
5.570000000000000000e+03 1.107321500778198242e+00
5.580000000000000000e+03 1.974354267120361328e+00
5.590000000000000000e+03 1.928129315376281738e+00
5.600000000000000000e+03 1.736874818801879883e+00
5.610000000000000000e+03 7.738401889801025391e-01
5.611000000000000000e+03 1.024668693542480469e+00
5.620000000000000000e+03 7.244380712509155273e-01
5.621000000000000000e+03 1.737503647804260254e+00
5.630000000000000000e+03 1.477086544036865234e+00
5.640000000000000000e+03 9.052352309226989746e-01
5.642000000000000000e+03 6.497486829757690430e-01
5.643000000000000000e+03 7.576630115509033203e-01
5.644000000000000000e+03 7.452934980392456055e-01
5.645000000000000000e+03 1.212763786315917969e+00
5.650000000000000000e+03 1.408869504928588867e+00
5.660000000000000000e+03 7.546920180320739746e-01
5.661000000000000000e+03 3.050386905670166016e+00
5.670000000000000000e+03 1.612465023994445801e+00
5.680000000000000000e+03 9.979404211044311523e-01
5.682000000000000000e+03 1.047820925712585449e+00
5.690000000000000000e+03 8.355934023857116699e-01
5.692000000000000000e+03 7.642078995704650879e-01
5.693000000000000000e+03 7.147664427757263184e-01
5.694000000000000000e+03 6.975092887878417969e-01
5.695000000000000000e+03 9.060575962066650391e-01
5.696000000000000000e+03 8.755099773406982422e-01
5.698000000000000000e+03 8.864424228668212891e-01
5.700000000000000000e+03 7.360711693763732910e-01
5.701000000000000000e+03 1.462569117546081543e+00
5.710000000000000000e+03 9.253375530242919922e-01
5.712000000000000000e+03 7.999169230461120605e-01
5.713000000000000000e+03 7.214145064353942871e-01
5.714000000000000000e+03 7.762232422828674316e-01
5.715000000000000000e+03 1.418261408805847168e+00
5.720000000000000000e+03 8.683155775070190430e-01
5.722000000000000000e+03 8.388337492942810059e-01
5.724000000000000000e+03 1.575472593307495117e+00
5.730000000000000000e+03 1.675371408462524414e+00
5.740000000000000000e+03 7.293691039085388184e-01
5.741000000000000000e+03 1.486617565155029297e+00
5.750000000000000000e+03 8.125752806663513184e-01
5.752000000000000000e+03 7.235734462738037109e-01
5.753000000000000000e+03 8.045965433120727539e-01
5.754000000000000000e+03 9.379528760910034180e-01
5.756000000000000000e+03 6.341514587402343750e-01
5.757000000000000000e+03 6.702133417129516602e-01
5.758000000000000000e+03 6.397216320037841797e-01
5.759000000000000000e+03 1.914210915565490723e+00
5.760000000000000000e+03 2.390395164489746094e+00
5.770000000000000000e+03 3.991510629653930664e+00
5.780000000000000000e+03 7.319287657737731934e-01
5.781000000000000000e+03 9.149129986763000488e-01
5.782000000000000000e+03 7.899804711341857910e-01
5.783000000000000000e+03 7.991628050804138184e-01
5.784000000000000000e+03 1.420827746391296387e+00
5.790000000000000000e+03 6.921896934509277344e-01
5.791000000000000000e+03 6.584611535072326660e-01
5.792000000000000000e+03 1.205268502235412598e+00
5.800000000000000000e+03 7.702438831329345703e-01
5.801000000000000000e+03 1.833026766777038574e+00
5.810000000000000000e+03 1.194189786911010742e+00
5.820000000000000000e+03 1.870816707611083984e+00
5.830000000000000000e+03 1.997998237609863281e+00
5.840000000000000000e+03 7.753964066505432129e-01
5.841000000000000000e+03 7.669296860694885254e-01
5.842000000000000000e+03 1.008595585823059082e+00
5.850000000000000000e+03 1.775781512260437012e+00
5.860000000000000000e+03 7.232409119606018066e-01
5.861000000000000000e+03 1.203546643257141113e+00
5.870000000000000000e+03 1.062335014343261719e+00
5.880000000000000000e+03 6.882512569427490234e-01
5.881000000000000000e+03 1.623899221420288086e+00
5.890000000000000000e+03 1.179871797561645508e+00
5.900000000000000000e+03 8.087186217308044434e-01
5.902000000000000000e+03 1.256769299507141113e+00
5.910000000000000000e+03 9.332426190376281738e-01
5.912000000000000000e+03 9.095965623855590820e-01
5.914000000000000000e+03 7.069013714790344238e-01
5.915000000000000000e+03 7.577874064445495605e-01
5.916000000000000000e+03 1.015827775001525879e+00
5.920000000000000000e+03 1.615350008010864258e+00
5.930000000000000000e+03 9.460940361022949219e-01
5.932000000000000000e+03 8.006256222724914551e-01
5.934000000000000000e+03 7.514904737472534180e-01
5.935000000000000000e+03 1.032216906547546387e+00
5.940000000000000000e+03 6.563654541969299316e-01
5.941000000000000000e+03 8.891956806182861328e-01
5.942000000000000000e+03 8.388803005218505859e-01
5.944000000000000000e+03 7.156933546066284180e-01
5.945000000000000000e+03 7.119528055191040039e-01
5.946000000000000000e+03 7.307022213935852051e-01
5.947000000000000000e+03 7.559617757797241211e-01
5.948000000000000000e+03 6.837909221649169922e-01
5.949000000000000000e+03 1.303527474403381348e+00
5.950000000000000000e+03 1.164726972579956055e+00
5.960000000000000000e+03 1.828688144683837891e+00
5.970000000000000000e+03 2.302732944488525391e+00
5.980000000000000000e+03 9.407083988189697266e-01
5.982000000000000000e+03 6.558799743652343750e-01
5.983000000000000000e+03 6.886883378028869629e-01
5.984000000000000000e+03 8.426823616027832031e-01
5.986000000000000000e+03 1.440173745155334473e+00
5.990000000000000000e+03 8.074085116386413574e-01
5.992000000000000000e+03 7.608579993247985840e-01
5.993000000000000000e+03 1.954008817672729492e+00
6.000000000000000000e+03 1.127764701843261719e+00
6.010000000000000000e+03 1.688369393348693848e+00
6.020000000000000000e+03 1.520056724548339844e+00
6.030000000000000000e+03 1.514238834381103516e+00
6.040000000000000000e+03 7.196467518806457520e-01
6.041000000000000000e+03 6.852139234542846680e-01
6.042000000000000000e+03 1.061117768287658691e+00
6.050000000000000000e+03 2.071304559707641602e+00
6.060000000000000000e+03 8.128833770751953125e-01
6.062000000000000000e+03 6.888015270233154297e-01
6.063000000000000000e+03 7.872082591056823730e-01
6.064000000000000000e+03 1.024090170860290527e+00
6.070000000000000000e+03 6.682461500167846680e-01
6.071000000000000000e+03 1.477093219757080078e+00
6.080000000000000000e+03 6.538330912590026855e-01
6.081000000000000000e+03 6.950835585594177246e-01
6.082000000000000000e+03 1.637232542037963867e+00
6.090000000000000000e+03 1.027545571327209473e+00
6.100000000000000000e+03 8.389690518379211426e-01
6.102000000000000000e+03 8.621831536293029785e-01
6.104000000000000000e+03 1.053321123123168945e+00
6.110000000000000000e+03 9.955589771270751953e-01
6.112000000000000000e+03 6.693278551101684570e-01
6.113000000000000000e+03 9.778075218200683594e-01
6.114000000000000000e+03 1.150163888931274414e+00
6.120000000000000000e+03 6.694166660308837891e-01
6.121000000000000000e+03 9.424433112144470215e-01
6.122000000000000000e+03 8.945857286453247070e-01
6.124000000000000000e+03 1.476265072822570801e+00
6.130000000000000000e+03 1.207260251045227051e+00
6.140000000000000000e+03 1.146189212799072266e+00
6.150000000000000000e+03 8.781511187553405762e-01
6.152000000000000000e+03 7.314515709877014160e-01
6.153000000000000000e+03 6.543937921524047852e-01
6.154000000000000000e+03 1.994393944740295410e+00
6.160000000000000000e+03 1.180078864097595215e+00
6.170000000000000000e+03 1.140096306800842285e+00
6.180000000000000000e+03 1.193431615829467773e+00
6.190000000000000000e+03 6.636853814125061035e-01
6.191000000000000000e+03 1.020991325378417969e+00
6.200000000000000000e+03 1.359772920608520508e+00
6.210000000000000000e+03 1.048496007919311523e+00
6.220000000000000000e+03 6.364594101905822754e-01
6.221000000000000000e+03 1.514991283416748047e+00
6.230000000000000000e+03 2.092585086822509766e+00
6.240000000000000000e+03 2.385439395904541016e+00
6.250000000000000000e+03 2.177497386932373047e+00
6.260000000000000000e+03 7.264510989189147949e-01
6.261000000000000000e+03 7.065426111221313477e-01
6.262000000000000000e+03 1.579358577728271484e+00
6.270000000000000000e+03 9.563671946525573730e-01
6.272000000000000000e+03 1.770130276679992676e+00
6.280000000000000000e+03 1.947278738021850586e+00
6.290000000000000000e+03 2.215564012527465820e+00
6.300000000000000000e+03 7.503516674041748047e-01
6.301000000000000000e+03 6.734306216239929199e-01
6.302000000000000000e+03 7.721895575523376465e-01
6.303000000000000000e+03 9.091036915779113770e-01
6.304000000000000000e+03 9.916567802429199219e-01
6.306000000000000000e+03 9.654236435890197754e-01
6.308000000000000000e+03 6.633307933807373047e-01
6.309000000000000000e+03 6.887429952621459961e-01
6.310000000000000000e+03 7.394346594810485840e-01
6.311000000000000000e+03 1.578451395034790039e+00
6.320000000000000000e+03 1.379239320755004883e+00
6.330000000000000000e+03 1.589553833007812500e+00
6.340000000000000000e+03 1.004980921745300293e+00
6.350000000000000000e+03 1.207584500312805176e+00
6.360000000000000000e+03 7.464531660079956055e-01
6.361000000000000000e+03 7.148073315620422363e-01
6.362000000000000000e+03 1.219499707221984863e+00
6.370000000000000000e+03 6.779332756996154785e-01
6.371000000000000000e+03 1.350896000862121582e+00
6.380000000000000000e+03 2.036291599273681641e+00
6.390000000000000000e+03 2.200769901275634766e+00
6.400000000000000000e+03 1.383287310600280762e+00
6.410000000000000000e+03 1.167532444000244141e+00
6.420000000000000000e+03 1.207433104515075684e+00
6.430000000000000000e+03 8.570443987846374512e-01
6.432000000000000000e+03 1.015771389007568359e+00
6.440000000000000000e+03 6.681489348411560059e-01
6.441000000000000000e+03 8.222718834877014160e-01
6.442000000000000000e+03 9.615215063095092773e-01
6.444000000000000000e+03 7.924117445945739746e-01
6.445000000000000000e+03 1.037743210792541504e+00
6.450000000000000000e+03 7.512416839599609375e-01
6.451000000000000000e+03 7.970588803291320801e-01
6.452000000000000000e+03 1.604190707206726074e+00
6.460000000000000000e+03 1.514121413230895996e+00
6.470000000000000000e+03 1.875353097915649414e+00
6.480000000000000000e+03 7.619491815567016602e-01
6.481000000000000000e+03 1.021035671234130859e+00
6.490000000000000000e+03 2.272818565368652344e+00
6.500000000000000000e+03 2.202315330505371094e+00
6.510000000000000000e+03 1.119164466857910156e+00
6.520000000000000000e+03 9.178287982940673828e-01
6.522000000000000000e+03 6.952807903289794922e-01
6.523000000000000000e+03 6.791106462478637695e-01
6.524000000000000000e+03 1.097370147705078125e+00
6.530000000000000000e+03 1.496738910675048828e+00
6.540000000000000000e+03 1.011780500411987305e+00
6.550000000000000000e+03 1.138865470886230469e+00
6.560000000000000000e+03 6.540638208389282227e-01
6.561000000000000000e+03 1.097567200660705566e+00
6.570000000000000000e+03 8.693741559982299805e-01
6.572000000000000000e+03 1.002449750900268555e+00
6.580000000000000000e+03 1.748860836029052734e+00
6.590000000000000000e+03 9.120457172393798828e-01
6.592000000000000000e+03 6.336658596992492676e-01
6.593000000000000000e+03 8.409789800643920898e-01
6.594000000000000000e+03 6.494100689888000488e-01
6.595000000000000000e+03 1.407987475395202637e+00
6.600000000000000000e+03 2.075145721435546875e+00
6.610000000000000000e+03 8.710688948631286621e-01
6.612000000000000000e+03 1.164931774139404297e+00
6.620000000000000000e+03 6.757498383522033691e-01
6.621000000000000000e+03 2.178458452224731445e+00
6.630000000000000000e+03 1.106279730796813965e+00
6.640000000000000000e+03 9.946172833442687988e-01
6.642000000000000000e+03 1.010712623596191406e+00
6.650000000000000000e+03 1.027024507522583008e+00
6.660000000000000000e+03 1.448564291000366211e+00
6.670000000000000000e+03 8.433688282966613770e-01
6.672000000000000000e+03 7.535513043403625488e-01
6.673000000000000000e+03 9.981459975242614746e-01
6.674000000000000000e+03 6.721552014350891113e-01
6.675000000000000000e+03 1.347341895103454590e+00
6.680000000000000000e+03 1.777680873870849609e+00
6.690000000000000000e+03 9.421737194061279297e-01
6.692000000000000000e+03 8.901215195655822754e-01
6.694000000000000000e+03 2.451857566833496094e+00
6.700000000000000000e+03 8.762876987457275391e-01
6.702000000000000000e+03 1.025606036186218262e+00
6.710000000000000000e+03 1.194566607475280762e+00
6.720000000000000000e+03 6.829431653022766113e-01
6.721000000000000000e+03 7.260289788246154785e-01
6.722000000000000000e+03 1.421125173568725586e+00
6.730000000000000000e+03 8.008320331573486328e-01
6.732000000000000000e+03 1.170506238937377930e+00
6.740000000000000000e+03 1.478400111198425293e+00
6.750000000000000000e+03 2.027017593383789062e+00
6.760000000000000000e+03 6.827247142791748047e-01
6.761000000000000000e+03 1.168583512306213379e+00
6.770000000000000000e+03 8.293993473052978516e-01
6.772000000000000000e+03 1.017479300498962402e+00
6.780000000000000000e+03 1.217968344688415527e+00
6.790000000000000000e+03 2.021800041198730469e+00
6.800000000000000000e+03 2.308532953262329102e+00
6.810000000000000000e+03 1.007397413253784180e+00
6.820000000000000000e+03 1.330650210380554199e+00
6.830000000000000000e+03 3.083041429519653320e+00
6.840000000000000000e+03 4.334683418273925781e+00
6.850000000000000000e+03 8.653231263160705566e-01
6.852000000000000000e+03 2.299421548843383789e+00
6.860000000000000000e+03 1.001401424407958984e+00
6.870000000000000000e+03 1.731208920478820801e+00
6.880000000000000000e+03 2.940288066864013672e+00
6.890000000000000000e+03 1.448408246040344238e+00
6.900000000000000000e+03 1.240027904510498047e+00
6.910000000000000000e+03 8.871712684631347656e-01
6.912000000000000000e+03 7.273243665695190430e-01
6.913000000000000000e+03 1.144310355186462402e+00
6.920000000000000000e+03 6.396284699440002441e-01
6.921000000000000000e+03 6.797477006912231445e-01
6.922000000000000000e+03 8.438952565193176270e-01
6.924000000000000000e+03 9.747778177261352539e-01
6.926000000000000000e+03 1.178661465644836426e+00
6.930000000000000000e+03 1.472945809364318848e+00
6.940000000000000000e+03 8.550881743431091309e-01
6.942000000000000000e+03 6.479694843292236328e-01
6.943000000000000000e+03 8.478932976722717285e-01
6.944000000000000000e+03 7.625655531883239746e-01
6.945000000000000000e+03 7.314240932464599609e-01
6.946000000000000000e+03 8.417646884918212891e-01
6.948000000000000000e+03 1.279065132141113281e+00
6.950000000000000000e+03 6.726492047309875488e-01
6.951000000000000000e+03 6.973212957382202148e-01
6.952000000000000000e+03 8.149062991142272949e-01
6.954000000000000000e+03 6.755346059799194336e-01
6.955000000000000000e+03 6.777052879333496094e-01
6.956000000000000000e+03 9.261460304260253906e-01
6.958000000000000000e+03 1.182738065719604492e+00
6.960000000000000000e+03 2.007051467895507812e+00
6.970000000000000000e+03 1.120085716247558594e+00
6.980000000000000000e+03 6.433410644531250000e-01
6.981000000000000000e+03 7.571557760238647461e-01
6.982000000000000000e+03 6.300407052040100098e-01
6.983000000000000000e+03 1.051828861236572266e+00
6.990000000000000000e+03 7.283628582954406738e-01
6.991000000000000000e+03 6.612377762794494629e-01
6.992000000000000000e+03 1.174278378486633301e+00
7.000000000000000000e+03 6.319302916526794434e-01
7.001000000000000000e+03 1.648482203483581543e+00
7.010000000000000000e+03 1.609724402427673340e+00
7.020000000000000000e+03 1.972351074218750000e+00
7.030000000000000000e+03 1.303669095039367676e+00
7.040000000000000000e+03 2.508820772171020508e+00
7.050000000000000000e+03 9.103047251701354980e-01
7.052000000000000000e+03 1.200694918632507324e+00
7.060000000000000000e+03 1.483404397964477539e+00
7.070000000000000000e+03 6.644891500473022461e-01
7.071000000000000000e+03 1.252670168876647949e+00
7.080000000000000000e+03 1.293376445770263672e+00
7.090000000000000000e+03 6.664370894432067871e-01
7.091000000000000000e+03 7.359559535980224609e-01
7.092000000000000000e+03 7.856854200363159180e-01
7.093000000000000000e+03 1.350179195404052734e+00
7.100000000000000000e+03 1.169895172119140625e+00
7.110000000000000000e+03 7.206069827079772949e-01
7.111000000000000000e+03 8.732901215553283691e-01
7.112000000000000000e+03 1.096044421195983887e+00
7.120000000000000000e+03 6.895579695701599121e-01
7.121000000000000000e+03 6.334245204925537109e-01
7.122000000000000000e+03 1.101257443428039551e+00
7.130000000000000000e+03 7.318815588951110840e-01
7.131000000000000000e+03 8.243632316589355469e-01
7.132000000000000000e+03 1.253096580505371094e+00
7.140000000000000000e+03 1.041339039802551270e+00
7.150000000000000000e+03 1.238970994949340820e+00
7.160000000000000000e+03 2.013374805450439453e+00
7.170000000000000000e+03 1.264875888824462891e+00
7.180000000000000000e+03 8.976722955703735352e-01
7.182000000000000000e+03 1.590936779975891113e+00
7.190000000000000000e+03 1.395910501480102539e+00
7.200000000000000000e+03 6.677685379981994629e-01
7.201000000000000000e+03 1.367690443992614746e+00
7.210000000000000000e+03 6.348379850387573242e-01
7.211000000000000000e+03 7.645013332366943359e-01
7.212000000000000000e+03 1.152939915657043457e+00
7.220000000000000000e+03 1.642792105674743652e+00
7.230000000000000000e+03 7.067704200744628906e-01
7.231000000000000000e+03 8.197914361953735352e-01
7.232000000000000000e+03 1.084796786308288574e+00
7.240000000000000000e+03 6.381141543388366699e-01
7.241000000000000000e+03 1.131846666336059570e+00
7.250000000000000000e+03 8.787312507629394531e-01
7.252000000000000000e+03 8.421130180358886719e-01
7.254000000000000000e+03 6.515414714813232422e-01
7.255000000000000000e+03 7.595065832138061523e-01
7.256000000000000000e+03 7.351675629615783691e-01
7.257000000000000000e+03 1.795483112335205078e+00
7.260000000000000000e+03 1.522915959358215332e+00
7.270000000000000000e+03 1.037199258804321289e+00
7.280000000000000000e+03 7.643686532974243164e-01
7.281000000000000000e+03 1.148620963096618652e+00
7.290000000000000000e+03 1.080985426902770996e+00
7.300000000000000000e+03 6.589371562004089355e-01
7.301000000000000000e+03 1.100181341171264648e+00
7.310000000000000000e+03 2.019701242446899414e+00
7.320000000000000000e+03 2.414886236190795898e+00
7.330000000000000000e+03 9.390253424644470215e-01
7.332000000000000000e+03 1.144443154335021973e+00
7.340000000000000000e+03 2.087221622467041016e+00
7.350000000000000000e+03 7.876664996147155762e-01
7.351000000000000000e+03 1.287260293960571289e+00
7.360000000000000000e+03 9.796308279037475586e-01
7.362000000000000000e+03 1.432692885398864746e+00
7.370000000000000000e+03 9.178050160408020020e-01
7.372000000000000000e+03 1.462433338165283203e+00
7.380000000000000000e+03 7.026436328887939453e-01
7.381000000000000000e+03 1.092768430709838867e+00
7.390000000000000000e+03 1.994535207748413086e+00
7.400000000000000000e+03 6.698016524314880371e-01
7.401000000000000000e+03 1.161468863487243652e+00
7.410000000000000000e+03 1.378520369529724121e+00
7.420000000000000000e+03 7.424324154853820801e-01
7.421000000000000000e+03 1.102207899093627930e+00
7.430000000000000000e+03 1.731263279914855957e+00
7.440000000000000000e+03 1.065778374671936035e+00
7.450000000000000000e+03 6.586636304855346680e-01
7.451000000000000000e+03 8.723517656326293945e-01
7.452000000000000000e+03 7.518277168273925781e-01
7.453000000000000000e+03 1.278166532516479492e+00
7.460000000000000000e+03 1.380554556846618652e+00
7.470000000000000000e+03 1.692493557929992676e+00
7.480000000000000000e+03 8.923429846763610840e-01
7.482000000000000000e+03 1.739850521087646484e+00
7.490000000000000000e+03 1.537439465522766113e+00
7.500000000000000000e+03 9.903386831283569336e-01
7.502000000000000000e+03 7.212182879447937012e-01
7.503000000000000000e+03 8.744370937347412109e-01
7.504000000000000000e+03 1.327132582664489746e+00
7.510000000000000000e+03 1.018947124481201172e+00
7.520000000000000000e+03 6.590125560760498047e-01
7.521000000000000000e+03 9.451069831848144531e-01
7.522000000000000000e+03 2.130705833435058594e+00
7.530000000000000000e+03 3.091234445571899414e+00
7.540000000000000000e+03 7.896102666854858398e-01
7.541000000000000000e+03 1.141180396080017090e+00
7.550000000000000000e+03 7.139310240745544434e-01
7.551000000000000000e+03 9.808516502380371094e-01
7.552000000000000000e+03 1.357441425323486328e+00
7.560000000000000000e+03 6.805211901664733887e-01
7.561000000000000000e+03 1.345156073570251465e+00
7.570000000000000000e+03 1.035283327102661133e+00
7.580000000000000000e+03 2.167080163955688477e+00
7.590000000000000000e+03 7.425833940505981445e-01
7.591000000000000000e+03 1.131839275360107422e+00
7.600000000000000000e+03 1.019634723663330078e+00
7.610000000000000000e+03 1.590251207351684570e+00
7.620000000000000000e+03 1.481058835983276367e+00
7.630000000000000000e+03 2.847936391830444336e+00
7.640000000000000000e+03 1.179026842117309570e+00
7.650000000000000000e+03 8.903084397315979004e-01
7.652000000000000000e+03 1.549907565116882324e+00
7.660000000000000000e+03 6.546650528907775879e-01
7.661000000000000000e+03 7.692295908927917480e-01
7.662000000000000000e+03 7.707636356353759766e-01
7.663000000000000000e+03 1.009958386421203613e+00
7.670000000000000000e+03 6.784577965736389160e-01
7.671000000000000000e+03 7.255642414093017578e-01
7.672000000000000000e+03 7.157549858093261719e-01
7.673000000000000000e+03 1.108301162719726562e+00
7.680000000000000000e+03 1.099104762077331543e+00
7.690000000000000000e+03 7.187671065330505371e-01
7.691000000000000000e+03 2.120512485504150391e+00
7.700000000000000000e+03 7.076408863067626953e-01
7.701000000000000000e+03 8.004068136215209961e-01
7.702000000000000000e+03 6.958112120628356934e-01
7.703000000000000000e+03 7.032579779624938965e-01
7.704000000000000000e+03 6.879763603210449219e-01
7.705000000000000000e+03 8.575478196144104004e-01
7.706000000000000000e+03 8.049229383468627930e-01
7.708000000000000000e+03 1.453156232833862305e+00
7.710000000000000000e+03 7.220905423164367676e-01
7.711000000000000000e+03 1.204244971275329590e+00
7.720000000000000000e+03 8.289876580238342285e-01
7.722000000000000000e+03 1.101907372474670410e+00
7.730000000000000000e+03 1.786652684211730957e+00
7.740000000000000000e+03 9.919212460517883301e-01
7.742000000000000000e+03 9.365624785423278809e-01
7.744000000000000000e+03 1.949932694435119629e+00
7.750000000000000000e+03 1.068616151809692383e+00
7.760000000000000000e+03 1.897711753845214844e+00
7.770000000000000000e+03 1.957992553710937500e+00
7.780000000000000000e+03 7.699415087699890137e-01
7.781000000000000000e+03 6.815057396888732910e-01
7.782000000000000000e+03 6.924906373023986816e-01
7.783000000000000000e+03 1.117825269699096680e+00
7.790000000000000000e+03 1.274993896484375000e+00
7.800000000000000000e+03 1.276101708412170410e+00
7.810000000000000000e+03 1.291764259338378906e+00
7.820000000000000000e+03 1.048606395721435547e+00
7.830000000000000000e+03 1.335493326187133789e+00
7.840000000000000000e+03 1.476425528526306152e+00
7.850000000000000000e+03 6.688153743743896484e-01
7.851000000000000000e+03 8.231490850448608398e-01
7.852000000000000000e+03 1.244826436042785645e+00
7.860000000000000000e+03 9.114379286766052246e-01
7.862000000000000000e+03 9.239717125892639160e-01
7.864000000000000000e+03 7.793360948562622070e-01
7.865000000000000000e+03 1.038269758224487305e+00
7.870000000000000000e+03 3.530555486679077148e+00
7.880000000000000000e+03 1.456358790397644043e+00
7.890000000000000000e+03 1.406174182891845703e+00
7.900000000000000000e+03 1.682969212532043457e+00
7.910000000000000000e+03 2.124735116958618164e+00
7.920000000000000000e+03 3.573260545730590820e+00
7.930000000000000000e+03 1.131123423576354980e+00
7.940000000000000000e+03 1.310836315155029297e+00
7.950000000000000000e+03 7.180464863777160645e-01
7.951000000000000000e+03 7.727262973785400391e-01
7.952000000000000000e+03 7.662457227706909180e-01
7.953000000000000000e+03 1.624962210655212402e+00
7.960000000000000000e+03 8.742555975914001465e-01
7.962000000000000000e+03 1.721189975738525391e+00
7.970000000000000000e+03 9.407420158386230469e-01
7.972000000000000000e+03 1.701159834861755371e+00
7.980000000000000000e+03 1.323840975761413574e+00
7.990000000000000000e+03 7.461482286453247070e-01
7.991000000000000000e+03 1.174668431282043457e+00
8.000000000000000000e+03 1.831103682518005371e+00
