1.000000000000000000e+02 nan
2.000000000000000000e+02 5.713072419166564941e-01
5.000000000000000000e+02 1.227723062038421631e-01
1.000000000000000000e+03 6.556454300880432129e-02
1.500000000000000000e+03 4.309394583106040955e-02
2.000000000000000000e+03 4.121999815106391907e-02
2.500000000000000000e+03 4.949654266238212585e-02
3.000000000000000000e+03 5.277693271636962891e-02
3.500000000000000000e+03 4.442194476723670959e-02
4.000000000000000000e+03 3.825223818421363831e-02
4.100000000000000000e+03 4.601516202092170715e-02
4.500000000000000000e+03 4.915839061141014099e-02
5.000000000000000000e+03 4.616541042923927307e-02
5.500000000000000000e+03 4.946421086788177490e-02
6.000000000000000000e+03 5.009279400110244751e-02
6.500000000000000000e+03 4.464516043663024902e-02
7.000000000000000000e+03 4.388697817921638489e-02
7.500000000000000000e+03 4.134543240070343018e-02
8.000000000000000000e+03 4.206312820315361023e-02
8.500000000000000000e+03 4.168050363659858704e-02
9.000000000000000000e+03 4.775986075401306152e-02
9.500000000000000000e+03 4.212282225489616394e-02
1.000000000000000000e+04 3.809626772999763489e-02
1.010000000000000000e+04 3.981446474790573120e-02
1.020000000000000000e+04 3.893177211284637451e-02
1.030000000000000000e+04 3.803434967994689941e-02
1.040000000000000000e+04 3.576697036623954773e-02
1.050000000000000000e+04 3.512443974614143372e-02
1.060000000000000000e+04 4.115838184952735901e-02
1.100000000000000000e+04 3.864522278308868408e-02
1.110000000000000000e+04 3.759061172604560852e-02
1.120000000000000000e+04 4.219564422965049744e-02
1.150000000000000000e+04 3.606352955102920532e-02
1.160000000000000000e+04 4.186682403087615967e-02
1.200000000000000000e+04 3.954801708459854126e-02
1.210000000000000000e+04 3.751993924379348755e-02
1.220000000000000000e+04 4.335821047425270081e-02
1.250000000000000000e+04 4.116843640804290771e-02
1.300000000000000000e+04 3.503704071044921875e-02
1.310000000000000000e+04 3.914515301585197449e-02
1.320000000000000000e+04 3.697516769170761108e-02
1.330000000000000000e+04 3.654062747955322266e-02
1.340000000000000000e+04 3.447562083601951599e-02
1.350000000000000000e+04 3.552372753620147705e-02
1.360000000000000000e+04 3.727898374199867249e-02
1.370000000000000000e+04 3.897643089294433594e-02
1.380000000000000000e+04 3.754932433366775513e-02
1.390000000000000000e+04 3.881746903061866760e-02
1.400000000000000000e+04 4.142586886882781982e-02
1.450000000000000000e+04 3.834160417318344116e-02
1.460000000000000000e+04 3.723835572600364685e-02
1.470000000000000000e+04 3.398357704281806946e-02
1.480000000000000000e+04 4.337291046977043152e-02
1.500000000000000000e+04 3.661711513996124268e-02
1.510000000000000000e+04 3.592106327414512634e-02
1.520000000000000000e+04 3.580965101718902588e-02
1.530000000000000000e+04 3.329386934638023376e-02
1.540000000000000000e+04 3.535235673189163208e-02
1.550000000000000000e+04 4.007497429847717285e-02
1.600000000000000000e+04 3.753644600510597229e-02
1.610000000000000000e+04 3.483176603913307190e-02
1.620000000000000000e+04 3.651373088359832764e-02
1.630000000000000000e+04 3.927429020404815674e-02
1.640000000000000000e+04 3.536631166934967041e-02
1.650000000000000000e+04 3.820465505123138428e-02
1.660000000000000000e+04 3.572337329387664795e-02
1.670000000000000000e+04 3.724195063114166260e-02
1.680000000000000000e+04 3.403073176741600037e-02
1.690000000000000000e+04 3.956178948283195496e-02
1.700000000000000000e+04 3.852347657084465027e-02
1.710000000000000000e+04 3.760937973856925964e-02
1.720000000000000000e+04 3.849089145660400391e-02
1.730000000000000000e+04 3.788446635007858276e-02
1.740000000000000000e+04 3.823626041412353516e-02
1.750000000000000000e+04 3.609879687428474426e-02
1.760000000000000000e+04 3.833760693669319153e-02
1.770000000000000000e+04 3.275321424007415771e-02
1.780000000000000000e+04 3.496517986059188843e-02
1.790000000000000000e+04 3.762106969952583313e-02
1.800000000000000000e+04 3.390940278768539429e-02
1.810000000000000000e+04 3.808494657278060913e-02
1.820000000000000000e+04 3.490100055932998657e-02
1.830000000000000000e+04 3.741000220179557800e-02
1.840000000000000000e+04 3.803478926420211792e-02
1.850000000000000000e+04 4.161554202437400818e-02
1.900000000000000000e+04 3.544639796018600464e-02
1.910000000000000000e+04 3.772328421473503113e-02
1.920000000000000000e+04 3.831691667437553406e-02
1.930000000000000000e+04 3.655023500323295593e-02
1.940000000000000000e+04 3.378782421350479126e-02
1.950000000000000000e+04 3.465716540813446045e-02
1.960000000000000000e+04 3.558789193630218506e-02
1.970000000000000000e+04 3.702364116907119751e-02
1.980000000000000000e+04 3.721544519066810608e-02
1.990000000000000000e+04 3.260546550154685974e-02
2.000000000000000000e+04 3.891013190150260925e-02
2.010000000000000000e+04 3.575745970010757446e-02
2.020000000000000000e+04 3.817632794380187988e-02
2.030000000000000000e+04 3.859707713127136230e-02
2.040000000000000000e+04 3.672144189476966858e-02
2.050000000000000000e+04 4.019256308674812317e-02
2.100000000000000000e+04 3.981575742363929749e-02
2.110000000000000000e+04 4.333204776048660278e-02
2.150000000000000000e+04 4.259736463427543640e-02
2.200000000000000000e+04 3.370063006877899170e-02
2.210000000000000000e+04 3.574121743440628052e-02
2.220000000000000000e+04 3.775436431169509888e-02
2.230000000000000000e+04 3.990749269723892212e-02
2.240000000000000000e+04 3.811876848340034485e-02
2.250000000000000000e+04 3.704344108700752258e-02
2.260000000000000000e+04 3.707616776227951050e-02
2.270000000000000000e+04 3.905683010816574097e-02
2.280000000000000000e+04 3.948977962136268616e-02
2.290000000000000000e+04 3.389953076839447021e-02
2.300000000000000000e+04 3.553512692451477051e-02
2.310000000000000000e+04 3.689640387892723083e-02
2.320000000000000000e+04 3.686892241239547729e-02
2.330000000000000000e+04 3.720135986804962158e-02
2.340000000000000000e+04 3.454330563545227051e-02
2.350000000000000000e+04 3.820058703422546387e-02
2.360000000000000000e+04 3.989506885409355164e-02
2.370000000000000000e+04 3.890133649110794067e-02
2.380000000000000000e+04 3.535111248493194580e-02
2.390000000000000000e+04 3.522095829248428345e-02
2.400000000000000000e+04 3.309242799878120422e-02
2.410000000000000000e+04 3.307514637708663940e-02
2.420000000000000000e+04 3.710101544857025146e-02
2.430000000000000000e+04 3.603160381317138672e-02
2.440000000000000000e+04 3.553546965122222900e-02
2.450000000000000000e+04 3.717412427067756653e-02
2.460000000000000000e+04 3.373292088508605957e-02
2.470000000000000000e+04 3.664168342947959900e-02
2.480000000000000000e+04 3.698056563735008240e-02
2.490000000000000000e+04 3.751826286315917969e-02
2.500000000000000000e+04 3.296327590942382812e-02
2.510000000000000000e+04 3.275553882122039795e-02
2.520000000000000000e+04 3.574762493371963501e-02
2.530000000000000000e+04 3.627761080861091614e-02
2.540000000000000000e+04 3.524519503116607666e-02
2.550000000000000000e+04 3.505079075694084167e-02
2.560000000000000000e+04 3.420642018318176270e-02
2.570000000000000000e+04 4.062770307064056396e-02
2.600000000000000000e+04 3.684779256582260132e-02
2.610000000000000000e+04 3.879632428288459778e-02
2.620000000000000000e+04 3.466093540191650391e-02
2.630000000000000000e+04 3.878337144851684570e-02
2.640000000000000000e+04 3.612525016069412231e-02
2.650000000000000000e+04 3.606873378157615662e-02
2.660000000000000000e+04 3.408357128500938416e-02
2.670000000000000000e+04 3.782010450959205627e-02
2.680000000000000000e+04 3.514315187931060791e-02
2.690000000000000000e+04 3.993579372763633728e-02
2.700000000000000000e+04 3.588577732443809509e-02
2.710000000000000000e+04 3.717577084898948669e-02
2.720000000000000000e+04 3.390135243535041809e-02
2.730000000000000000e+04 3.414162248373031616e-02
2.740000000000000000e+04 3.531836345791816711e-02
2.750000000000000000e+04 3.810476139187812805e-02
2.760000000000000000e+04 3.669932857155799866e-02
2.770000000000000000e+04 3.855966404080390930e-02
2.780000000000000000e+04 3.556094318628311157e-02
2.790000000000000000e+04 3.519465029239654541e-02
2.800000000000000000e+04 3.643855080008506775e-02
2.810000000000000000e+04 3.841421380639076233e-02
2.820000000000000000e+04 3.656178712844848633e-02
2.830000000000000000e+04 4.011574015021324158e-02
2.850000000000000000e+04 3.716511651873588562e-02
2.860000000000000000e+04 3.541644290089607239e-02
2.870000000000000000e+04 3.459846973419189453e-02
2.880000000000000000e+04 3.661732375621795654e-02
2.890000000000000000e+04 3.600183874368667603e-02
2.900000000000000000e+04 3.581850230693817139e-02
2.910000000000000000e+04 3.817693889141082764e-02
2.920000000000000000e+04 3.682588413357734680e-02
2.930000000000000000e+04 3.630444407463073730e-02
2.940000000000000000e+04 3.644458204507827759e-02
2.950000000000000000e+04 3.400127589702606201e-02
2.960000000000000000e+04 3.644897788763046265e-02
2.970000000000000000e+04 3.515932708978652954e-02
2.980000000000000000e+04 3.635310009121894836e-02
2.990000000000000000e+04 3.699249029159545898e-02
3.000000000000000000e+04 3.681323677301406860e-02
