2.000000000000000000e+02 9.734688758850097656e+00
5.000000000000000000e+02 8.027128219604492188e+00
6.000000000000000000e+02 8.229454040527343750e+00
7.000000000000000000e+02 7.972974300384521484e+00
7.100000000000000000e+02 8.179889678955078125e+00
8.000000000000000000e+02 6.756559848785400391e+00
8.100000000000000000e+02 7.178580760955810547e+00
8.200000000000000000e+02 8.791313171386718750e+00
9.000000000000000000e+02 8.416897773742675781e+00
1.000000000000000000e+03 7.893008708953857422e+00
1.010000000000000000e+03 8.311439514160156250e+00
1.100000000000000000e+03 7.697873592376708984e+00
1.110000000000000000e+03 8.451412200927734375e+00
1.200000000000000000e+03 6.652940273284912109e+00
1.210000000000000000e+03 7.896617889404296875e+00
1.220000000000000000e+03 8.080117225646972656e+00
1.300000000000000000e+03 7.832614898681640625e+00
1.310000000000000000e+03 8.456994056701660156e+00
1.400000000000000000e+03 7.231974124908447266e+00
1.410000000000000000e+03 7.655806541442871094e+00
1.420000000000000000e+03 8.370524406433105469e+00
1.500000000000000000e+03 6.846043109893798828e+00
1.510000000000000000e+03 8.149472236633300781e+00
1.600000000000000000e+03 7.213142871856689453e+00
1.610000000000000000e+03 8.257313728332519531e+00
1.700000000000000000e+03 7.553012847900390625e+00
1.710000000000000000e+03 6.989275932312011719e+00
1.720000000000000000e+03 8.522430419921875000e+00
1.800000000000000000e+03 9.135882377624511719e+00
2.000000000000000000e+03 8.901401519775390625e+00
2.100000000000000000e+03 5.579166889190673828e+00
2.110000000000000000e+03 6.719640731811523438e+00
2.120000000000000000e+03 7.634803295135498047e+00
2.130000000000000000e+03 9.019456863403320312e+00
2.500000000000000000e+03 7.411255836486816406e+00
2.510000000000000000e+03 8.360316276550292969e+00
2.600000000000000000e+03 7.337459087371826172e+00
2.610000000000000000e+03 7.825094223022460938e+00
2.620000000000000000e+03 7.291415214538574219e+00
2.630000000000000000e+03 8.694910049438476562e+00
2.700000000000000000e+03 7.579370975494384766e+00
2.710000000000000000e+03 6.687696456909179688e+00
2.720000000000000000e+03 8.297308921813964844e+00
2.800000000000000000e+03 7.011691093444824219e+00
2.810000000000000000e+03 8.548431396484375000e+00
2.900000000000000000e+03 7.515538692474365234e+00
2.910000000000000000e+03 8.874341964721679688e+00
3.000000000000000000e+03 6.832385063171386719e+00
3.010000000000000000e+03 8.180546760559082031e+00
3.100000000000000000e+03 7.848807811737060547e+00
3.110000000000000000e+03 6.614345550537109375e+00
3.120000000000000000e+03 6.830353260040283203e+00
3.130000000000000000e+03 6.601053237915039062e+00
3.140000000000000000e+03 7.101652622222900391e+00
3.150000000000000000e+03 7.273631095886230469e+00
3.160000000000000000e+03 7.577039241790771484e+00
3.170000000000000000e+03 6.529639720916748047e+00
3.180000000000000000e+03 7.950869083404541016e+00
3.190000000000000000e+03 7.545286655426025391e+00
3.200000000000000000e+03 7.905911445617675781e+00
3.210000000000000000e+03 7.639231681823730469e+00
3.220000000000000000e+03 7.408211231231689453e+00
3.230000000000000000e+03 8.020791053771972656e+00
3.300000000000000000e+03 7.472450256347656250e+00
3.310000000000000000e+03 8.742170333862304688e+00
3.400000000000000000e+03 7.614540100097656250e+00
3.410000000000000000e+03 8.461830139160156250e+00
3.500000000000000000e+03 7.717339515686035156e+00
3.510000000000000000e+03 8.180037498474121094e+00
3.600000000000000000e+03 8.651116371154785156e+00
3.700000000000000000e+03 7.250095844268798828e+00
3.710000000000000000e+03 7.455568790435791016e+00
3.720000000000000000e+03 7.728061676025390625e+00
3.730000000000000000e+03 6.896229743957519531e+00
3.740000000000000000e+03 6.430363655090332031e+00
3.750000000000000000e+03 6.860335350036621094e+00
3.760000000000000000e+03 6.234204292297363281e+00
3.770000000000000000e+03 7.235877513885498047e+00
3.780000000000000000e+03 8.274112701416015625e+00
3.800000000000000000e+03 6.822992801666259766e+00
3.810000000000000000e+03 6.511903285980224609e+00
3.820000000000000000e+03 6.953483104705810547e+00
3.830000000000000000e+03 6.904356956481933594e+00
3.840000000000000000e+03 6.896020412445068359e+00
3.850000000000000000e+03 7.060929298400878906e+00
3.860000000000000000e+03 6.531772136688232422e+00
3.870000000000000000e+03 8.134428977966308594e+00
3.900000000000000000e+03 6.601848602294921875e+00
3.910000000000000000e+03 7.208864688873291016e+00
3.920000000000000000e+03 6.983250141143798828e+00
3.930000000000000000e+03 7.761948108673095703e+00
3.940000000000000000e+03 6.697761535644531250e+00
3.950000000000000000e+03 7.585897445678710938e+00
3.960000000000000000e+03 8.382389068603515625e+00
4.000000000000000000e+03 7.376279354095458984e+00
4.010000000000000000e+03 7.023849487304687500e+00
4.020000000000000000e+03 7.343267440795898438e+00
4.030000000000000000e+03 6.011816501617431641e+00
4.040000000000000000e+03 7.015874862670898438e+00
4.050000000000000000e+03 6.099719047546386719e+00
4.060000000000000000e+03 6.679058074951171875e+00
4.070000000000000000e+03 6.585905075073242188e+00
4.080000000000000000e+03 7.557822227478027344e+00
4.090000000000000000e+03 7.580159664154052734e+00
4.100000000000000000e+03 6.740832328796386719e+00
4.110000000000000000e+03 6.779902458190917969e+00
4.120000000000000000e+03 7.280982971191406250e+00
4.130000000000000000e+03 7.106303691864013672e+00
4.140000000000000000e+03 7.739780426025390625e+00
4.150000000000000000e+03 8.240298271179199219e+00
4.200000000000000000e+03 7.884664535522460938e+00
4.210000000000000000e+03 6.518547534942626953e+00
4.220000000000000000e+03 7.023543357849121094e+00
4.230000000000000000e+03 6.235545635223388672e+00
4.240000000000000000e+03 8.220048904418945312e+00
4.300000000000000000e+03 6.988279819488525391e+00
4.310000000000000000e+03 6.425475120544433594e+00
4.320000000000000000e+03 8.232657432556152344e+00
4.400000000000000000e+03 7.939536094665527344e+00
4.410000000000000000e+03 7.788442611694335938e+00
4.420000000000000000e+03 6.601810455322265625e+00
4.430000000000000000e+03 8.084921836853027344e+00
4.500000000000000000e+03 8.475095748901367188e+00
4.600000000000000000e+03 8.350939750671386719e+00
4.700000000000000000e+03 6.996868610382080078e+00
4.710000000000000000e+03 7.632725238800048828e+00
4.720000000000000000e+03 8.202054977416992188e+00
4.800000000000000000e+03 7.967810153961181641e+00
4.810000000000000000e+03 7.378992557525634766e+00
4.820000000000000000e+03 8.146231651306152344e+00
4.900000000000000000e+03 7.387022495269775391e+00
4.910000000000000000e+03 6.499607086181640625e+00
4.920000000000000000e+03 6.585834980010986328e+00
4.930000000000000000e+03 8.385529518127441406e+00
5.000000000000000000e+03 7.346877574920654297e+00
5.010000000000000000e+03 7.976086616516113281e+00
5.020000000000000000e+03 7.520581722259521484e+00
5.030000000000000000e+03 8.670359611511230469e+00
5.100000000000000000e+03 7.596955776214599609e+00
5.110000000000000000e+03 7.893987655639648438e+00
5.120000000000000000e+03 7.246863842010498047e+00
5.130000000000000000e+03 6.689212322235107422e+00
5.140000000000000000e+03 7.730613708496093750e+00
5.150000000000000000e+03 7.581176757812500000e+00
5.160000000000000000e+03 7.950985431671142578e+00
5.170000000000000000e+03 7.215449810028076172e+00
5.180000000000000000e+03 8.065636634826660156e+00
5.200000000000000000e+03 7.760660171508789062e+00
5.210000000000000000e+03 8.038986206054687500e+00
5.300000000000000000e+03 7.374262809753417969e+00
5.310000000000000000e+03 7.643523693084716797e+00
5.320000000000000000e+03 7.715194702148437500e+00
5.330000000000000000e+03 8.050131797790527344e+00
5.400000000000000000e+03 7.561319828033447266e+00
5.410000000000000000e+03 8.253184318542480469e+00
5.500000000000000000e+03 6.861074924468994141e+00
5.510000000000000000e+03 8.076285362243652344e+00
5.600000000000000000e+03 6.241945743560791016e+00
5.610000000000000000e+03 7.448806762695312500e+00
5.620000000000000000e+03 7.612714767456054688e+00
5.630000000000000000e+03 6.745951652526855469e+00
5.640000000000000000e+03 8.532674789428710938e+00
5.700000000000000000e+03 8.265913963317871094e+00
5.800000000000000000e+03 7.798844337463378906e+00
5.810000000000000000e+03 6.465757846832275391e+00
5.820000000000000000e+03 7.402102947235107422e+00
5.830000000000000000e+03 7.209681987762451172e+00
5.840000000000000000e+03 8.003167152404785156e+00
5.900000000000000000e+03 7.141357421875000000e+00
5.910000000000000000e+03 6.007614135742187500e+00
5.920000000000000000e+03 8.286318778991699219e+00
6.000000000000000000e+03 8.297038078308105469e+00
6.100000000000000000e+03 6.729542255401611328e+00
6.110000000000000000e+03 8.500091552734375000e+00
6.200000000000000000e+03 6.664275169372558594e+00
6.210000000000000000e+03 7.743932247161865234e+00
6.220000000000000000e+03 6.440163135528564453e+00
6.230000000000000000e+03 7.684409141540527344e+00
6.240000000000000000e+03 8.211888313293457031e+00
6.300000000000000000e+03 7.266078948974609375e+00
6.310000000000000000e+03 7.349131584167480469e+00
6.320000000000000000e+03 8.244074821472167969e+00
6.400000000000000000e+03 6.930695056915283203e+00
6.410000000000000000e+03 7.837221622467041016e+00
6.420000000000000000e+03 7.795268535614013672e+00
6.430000000000000000e+03 8.100967407226562500e+00
6.500000000000000000e+03 7.170989513397216797e+00
6.510000000000000000e+03 8.250026702880859375e+00
6.600000000000000000e+03 7.737720489501953125e+00
6.610000000000000000e+03 7.113437652587890625e+00
6.620000000000000000e+03 7.102755546569824219e+00
6.630000000000000000e+03 7.067963123321533203e+00
6.640000000000000000e+03 7.334638595581054688e+00
6.650000000000000000e+03 5.419039726257324219e+00
6.660000000000000000e+03 6.840387344360351562e+00
6.670000000000000000e+03 7.818664550781250000e+00
6.680000000000000000e+03 7.831610679626464844e+00
6.690000000000000000e+03 6.152654647827148438e+00
6.700000000000000000e+03 7.947807788848876953e+00
6.710000000000000000e+03 7.364880561828613281e+00
6.720000000000000000e+03 7.616879940032958984e+00
6.730000000000000000e+03 7.204104900360107422e+00
6.740000000000000000e+03 8.049862861633300781e+00
6.800000000000000000e+03 7.510713100433349609e+00
6.810000000000000000e+03 7.987000942230224609e+00
6.820000000000000000e+03 5.708808422088623047e+00
6.830000000000000000e+03 8.059854507446289062e+00
6.900000000000000000e+03 7.464300155639648438e+00
6.910000000000000000e+03 7.308710098266601562e+00
6.920000000000000000e+03 7.675061225891113281e+00
6.930000000000000000e+03 7.425736427307128906e+00
6.940000000000000000e+03 7.553247928619384766e+00
6.950000000000000000e+03 7.831448554992675781e+00
6.960000000000000000e+03 7.833681583404541016e+00
6.970000000000000000e+03 7.597543716430664062e+00
6.980000000000000000e+03 8.295823097229003906e+00
7.000000000000000000e+03 7.648225784301757812e+00
7.010000000000000000e+03 6.249349594116210938e+00
7.020000000000000000e+03 6.744030952453613281e+00
7.030000000000000000e+03 7.653937816619873047e+00
7.040000000000000000e+03 8.106247901916503906e+00
7.100000000000000000e+03 7.037692070007324219e+00
7.110000000000000000e+03 7.700385570526123047e+00
7.120000000000000000e+03 7.532281875610351562e+00
7.130000000000000000e+03 6.892552852630615234e+00
7.140000000000000000e+03 7.848444938659667969e+00
7.150000000000000000e+03 8.454435348510742188e+00
7.200000000000000000e+03 7.190833568572998047e+00
7.210000000000000000e+03 8.048505783081054688e+00
7.300000000000000000e+03 6.782302379608154297e+00
7.310000000000000000e+03 8.214672088623046875e+00
7.400000000000000000e+03 7.564773082733154297e+00
7.410000000000000000e+03 7.230080604553222656e+00
7.420000000000000000e+03 7.122859477996826172e+00
7.430000000000000000e+03 6.388239860534667969e+00
7.440000000000000000e+03 7.180371284484863281e+00
7.450000000000000000e+03 8.259707450866699219e+00
7.500000000000000000e+03 6.904581069946289062e+00
7.510000000000000000e+03 7.415110588073730469e+00
7.520000000000000000e+03 7.744277477264404297e+00
7.530000000000000000e+03 7.180765628814697266e+00
7.540000000000000000e+03 7.755686759948730469e+00
7.550000000000000000e+03 5.934547424316406250e+00
7.560000000000000000e+03 7.876086235046386719e+00
7.570000000000000000e+03 7.530798435211181641e+00
7.580000000000000000e+03 7.871561050415039062e+00
7.590000000000000000e+03 7.652714729309082031e+00
7.600000000000000000e+03 7.545331001281738281e+00
7.610000000000000000e+03 6.789882659912109375e+00
7.620000000000000000e+03 7.195275783538818359e+00
7.630000000000000000e+03 7.501300334930419922e+00
7.640000000000000000e+03 6.876663208007812500e+00
7.650000000000000000e+03 6.577432632446289062e+00
7.660000000000000000e+03 8.106058120727539062e+00
7.700000000000000000e+03 7.469127655029296875e+00
7.710000000000000000e+03 8.017133712768554688e+00
7.800000000000000000e+03 7.802985191345214844e+00
7.810000000000000000e+03 7.492617130279541016e+00
7.820000000000000000e+03 7.977337360382080078e+00
7.830000000000000000e+03 8.389657020568847656e+00
7.900000000000000000e+03 7.424400329589843750e+00
7.910000000000000000e+03 5.836114406585693359e+00
7.920000000000000000e+03 8.117354393005371094e+00
8.000000000000000000e+03 7.533932209014892578e+00
8.010000000000000000e+03 7.550513744354248047e+00
8.020000000000000000e+03 7.884867191314697266e+00
8.030000000000000000e+03 7.894375801086425781e+00
8.040000000000000000e+03 7.607152462005615234e+00
8.050000000000000000e+03 7.506062984466552734e+00
8.060000000000000000e+03 8.804678916931152344e+00
8.100000000000000000e+03 6.644285202026367188e+00
8.110000000000000000e+03 7.635044574737548828e+00
8.120000000000000000e+03 8.650066375732421875e+00
8.200000000000000000e+03 7.575085639953613281e+00
8.210000000000000000e+03 8.371204376220703125e+00
8.300000000000000000e+03 8.588037490844726562e+00
8.400000000000000000e+03 7.577723026275634766e+00
8.410000000000000000e+03 6.552124977111816406e+00
8.420000000000000000e+03 6.709937572479248047e+00
8.430000000000000000e+03 6.350463390350341797e+00
8.440000000000000000e+03 6.997815608978271484e+00
8.450000000000000000e+03 7.673295974731445312e+00
8.460000000000000000e+03 6.324403285980224609e+00
8.470000000000000000e+03 6.732913970947265625e+00
8.480000000000000000e+03 7.123398303985595703e+00
8.490000000000000000e+03 6.017230033874511719e+00
8.500000000000000000e+03 6.745049476623535156e+00
8.510000000000000000e+03 6.323283195495605469e+00
8.520000000000000000e+03 8.043301582336425781e+00
8.600000000000000000e+03 6.354681968688964844e+00
8.610000000000000000e+03 6.387761592864990234e+00
8.620000000000000000e+03 7.014660835266113281e+00
8.630000000000000000e+03 7.877076625823974609e+00
8.640000000000000000e+03 7.101198673248291016e+00
8.650000000000000000e+03 7.980928421020507812e+00
8.660000000000000000e+03 6.880958080291748047e+00
8.670000000000000000e+03 8.356881141662597656e+00
8.700000000000000000e+03 7.097082614898681641e+00
8.710000000000000000e+03 6.825765609741210938e+00
8.720000000000000000e+03 6.844811916351318359e+00
8.730000000000000000e+03 5.938565731048583984e+00
8.740000000000000000e+03 6.608774185180664062e+00
8.750000000000000000e+03 6.677554607391357422e+00
8.760000000000000000e+03 6.493443489074707031e+00
8.770000000000000000e+03 6.664502620697021484e+00
8.780000000000000000e+03 7.927754878997802734e+00
8.790000000000000000e+03 7.889799594879150391e+00
8.800000000000000000e+03 6.746479511260986328e+00
8.810000000000000000e+03 7.065595626831054688e+00
8.820000000000000000e+03 7.079607963562011719e+00
8.830000000000000000e+03 7.630291461944580078e+00
8.840000000000000000e+03 8.476843833923339844e+00
8.900000000000000000e+03 8.062777519226074219e+00
9.000000000000000000e+03 8.738584518432617188e+00
9.100000000000000000e+03 6.807226181030273438e+00
9.110000000000000000e+03 7.086956977844238281e+00
9.120000000000000000e+03 6.491692543029785156e+00
9.130000000000000000e+03 7.731819629669189453e+00
9.140000000000000000e+03 5.348245620727539062e+00
9.150000000000000000e+03 6.354077339172363281e+00
9.160000000000000000e+03 6.846429824829101562e+00
9.170000000000000000e+03 6.549406051635742188e+00
9.180000000000000000e+03 7.378277778625488281e+00
9.190000000000000000e+03 5.651296138763427734e+00
9.200000000000000000e+03 7.124263286590576172e+00
9.210000000000000000e+03 6.691733837127685547e+00
9.220000000000000000e+03 5.956850528717041016e+00
9.230000000000000000e+03 6.706829071044921875e+00
9.240000000000000000e+03 7.914654254913330078e+00
9.250000000000000000e+03 6.584173679351806641e+00
9.260000000000000000e+03 7.478923320770263672e+00
9.270000000000000000e+03 6.645893573760986328e+00
9.280000000000000000e+03 7.495241641998291016e+00
9.290000000000000000e+03 6.780571460723876953e+00
9.300000000000000000e+03 6.619904994964599609e+00
9.310000000000000000e+03 5.771264553070068359e+00
9.320000000000000000e+03 6.963387966156005859e+00
9.330000000000000000e+03 8.026419639587402344e+00
9.400000000000000000e+03 7.024921894073486328e+00
9.410000000000000000e+03 7.787647247314453125e+00
9.420000000000000000e+03 5.425996303558349609e+00
9.430000000000000000e+03 6.330935478210449219e+00
9.440000000000000000e+03 6.117830753326416016e+00
9.450000000000000000e+03 5.995527267456054688e+00
9.460000000000000000e+03 6.137718200683593750e+00
9.470000000000000000e+03 6.453998565673828125e+00
9.480000000000000000e+03 7.282824516296386719e+00
9.490000000000000000e+03 6.176060199737548828e+00
9.500000000000000000e+03 6.355285644531250000e+00
9.510000000000000000e+03 6.020419120788574219e+00
9.520000000000000000e+03 7.113371372222900391e+00
9.530000000000000000e+03 6.828259944915771484e+00
9.540000000000000000e+03 6.333518981933593750e+00
9.550000000000000000e+03 5.513457298278808594e+00
9.560000000000000000e+03 5.779424667358398438e+00
9.570000000000000000e+03 5.287023067474365234e+00
9.580000000000000000e+03 6.644299983978271484e+00
9.590000000000000000e+03 5.438992500305175781e+00
9.600000000000000000e+03 7.990886211395263672e+00
9.610000000000000000e+03 6.111822128295898438e+00
9.620000000000000000e+03 7.155031681060791016e+00
9.630000000000000000e+03 6.390070438385009766e+00
9.640000000000000000e+03 8.210355758666992188e+00
9.700000000000000000e+03 6.832068920135498047e+00
9.710000000000000000e+03 6.998115062713623047e+00
9.720000000000000000e+03 6.812927722930908203e+00
9.730000000000000000e+03 5.661461353302001953e+00
9.740000000000000000e+03 6.661737442016601562e+00
9.750000000000000000e+03 6.426058292388916016e+00
9.760000000000000000e+03 7.198373317718505859e+00
9.770000000000000000e+03 7.131786346435546875e+00
9.780000000000000000e+03 6.902964591979980469e+00
9.790000000000000000e+03 5.841462612152099609e+00
9.800000000000000000e+03 5.803837299346923828e+00
9.810000000000000000e+03 7.334178924560546875e+00
9.820000000000000000e+03 6.971436977386474609e+00
9.830000000000000000e+03 5.538684368133544922e+00
9.840000000000000000e+03 6.336355209350585938e+00
9.850000000000000000e+03 6.404703617095947266e+00
9.860000000000000000e+03 7.338988304138183594e+00
9.870000000000000000e+03 6.902559280395507812e+00
9.880000000000000000e+03 6.020121574401855469e+00
9.890000000000000000e+03 7.583559513092041016e+00
9.900000000000000000e+03 6.611791133880615234e+00
9.910000000000000000e+03 6.968801498413085938e+00
9.920000000000000000e+03 7.267531871795654297e+00
9.930000000000000000e+03 6.674479961395263672e+00
9.940000000000000000e+03 6.700720787048339844e+00
9.950000000000000000e+03 7.169368267059326172e+00
9.960000000000000000e+03 7.793717384338378906e+00
9.970000000000000000e+03 6.667052268981933594e+00
9.980000000000000000e+03 6.654322624206542969e+00
9.990000000000000000e+03 7.557239532470703125e+00
1.000000000000000000e+04 6.445363998413085938e+00
1.001000000000000000e+04 5.633745193481445312e+00
1.002000000000000000e+04 5.822107791900634766e+00
1.003000000000000000e+04 7.379993438720703125e+00
1.004000000000000000e+04 6.719250679016113281e+00
1.005000000000000000e+04 6.170536518096923828e+00
1.006000000000000000e+04 6.790095806121826172e+00
1.007000000000000000e+04 6.541997909545898438e+00
1.008000000000000000e+04 7.069645404815673828e+00
1.009000000000000000e+04 6.476482868194580078e+00
1.010000000000000000e+04 5.757964611053466797e+00
1.011000000000000000e+04 7.883350372314453125e+00
1.012000000000000000e+04 7.532054901123046875e+00
1.013000000000000000e+04 5.660130977630615234e+00
1.014000000000000000e+04 6.673013210296630859e+00
1.015000000000000000e+04 6.467545509338378906e+00
1.016000000000000000e+04 5.542881488800048828e+00
1.017000000000000000e+04 7.394000053405761719e+00
1.018000000000000000e+04 6.040840625762939453e+00
1.019000000000000000e+04 3.327829837799072266e+00
1.019100000000000000e+04 6.358968734741210938e+00
1.020000000000000000e+04 5.999427318572998047e+00
1.021000000000000000e+04 7.059008121490478516e+00
1.022000000000000000e+04 6.762035846710205078e+00
1.023000000000000000e+04 5.667977333068847656e+00
1.024000000000000000e+04 6.380899906158447266e+00
1.025000000000000000e+04 7.064972400665283203e+00
1.026000000000000000e+04 7.467761039733886719e+00
1.027000000000000000e+04 6.009291172027587891e+00
1.028000000000000000e+04 6.908837795257568359e+00
1.029000000000000000e+04 6.138392925262451172e+00
1.030000000000000000e+04 6.222515106201171875e+00
1.031000000000000000e+04 6.294021606445312500e+00
1.032000000000000000e+04 7.119966030120849609e+00
1.033000000000000000e+04 7.470010757446289062e+00
1.034000000000000000e+04 5.988389015197753906e+00
1.035000000000000000e+04 7.073180198669433594e+00
1.036000000000000000e+04 6.634743213653564453e+00
1.037000000000000000e+04 7.258719921112060547e+00
1.038000000000000000e+04 6.417096138000488281e+00
1.039000000000000000e+04 7.115550994873046875e+00
1.040000000000000000e+04 6.678404808044433594e+00
1.041000000000000000e+04 6.427121639251708984e+00
1.042000000000000000e+04 5.470330238342285156e+00
1.043000000000000000e+04 7.453968048095703125e+00
1.044000000000000000e+04 8.164234161376953125e+00
1.050000000000000000e+04 7.697679996490478516e+00
1.051000000000000000e+04 5.102541446685791016e+00
1.052000000000000000e+04 6.849110603332519531e+00
1.053000000000000000e+04 6.985357284545898438e+00
1.054000000000000000e+04 5.915637016296386719e+00
1.055000000000000000e+04 7.316660881042480469e+00
1.056000000000000000e+04 5.251589298248291016e+00
1.057000000000000000e+04 6.565197944641113281e+00
1.058000000000000000e+04 7.078608989715576172e+00
1.059000000000000000e+04 7.124871253967285156e+00
1.060000000000000000e+04 6.552735328674316406e+00
1.061000000000000000e+04 6.636292934417724609e+00
1.062000000000000000e+04 7.040576934814453125e+00
1.063000000000000000e+04 6.785894393920898438e+00
1.064000000000000000e+04 6.164591312408447266e+00
1.065000000000000000e+04 6.033946990966796875e+00
1.066000000000000000e+04 5.567872524261474609e+00
1.067000000000000000e+04 6.641584873199462891e+00
1.068000000000000000e+04 6.439115047454833984e+00
1.069000000000000000e+04 7.221735000610351562e+00
1.070000000000000000e+04 7.111744880676269531e+00
1.071000000000000000e+04 6.187136173248291016e+00
1.072000000000000000e+04 6.184901714324951172e+00
1.073000000000000000e+04 6.136538028717041016e+00
1.074000000000000000e+04 5.616477012634277344e+00
1.075000000000000000e+04 5.746160030364990234e+00
1.076000000000000000e+04 6.580121517181396484e+00
1.077000000000000000e+04 6.423124313354492188e+00
1.078000000000000000e+04 5.941040992736816406e+00
1.079000000000000000e+04 7.110021114349365234e+00
1.080000000000000000e+04 7.200835704803466797e+00
1.081000000000000000e+04 6.060880661010742188e+00
1.082000000000000000e+04 5.965951919555664062e+00
1.083000000000000000e+04 6.678974151611328125e+00
1.084000000000000000e+04 5.358402252197265625e+00
1.085000000000000000e+04 6.384483814239501953e+00
1.086000000000000000e+04 6.891408920288085938e+00
1.087000000000000000e+04 6.445585727691650391e+00
1.088000000000000000e+04 6.380389213562011719e+00
1.089000000000000000e+04 6.975324630737304688e+00
1.090000000000000000e+04 7.087700843811035156e+00
1.091000000000000000e+04 6.283598423004150391e+00
1.092000000000000000e+04 6.842849731445312500e+00
1.093000000000000000e+04 6.411836147308349609e+00
1.094000000000000000e+04 6.933996677398681641e+00
1.095000000000000000e+04 7.404539585113525391e+00
1.096000000000000000e+04 7.088625431060791016e+00
1.097000000000000000e+04 7.007309436798095703e+00
1.098000000000000000e+04 6.837368011474609375e+00
1.099000000000000000e+04 6.705094337463378906e+00
1.100000000000000000e+04 6.662466526031494141e+00
1.101000000000000000e+04 6.534041404724121094e+00
1.102000000000000000e+04 6.777971744537353516e+00
1.103000000000000000e+04 5.678663730621337891e+00
1.104000000000000000e+04 6.905086040496826172e+00
1.105000000000000000e+04 6.120216846466064453e+00
1.106000000000000000e+04 6.642446994781494141e+00
1.107000000000000000e+04 6.853176116943359375e+00
1.108000000000000000e+04 6.549880981445312500e+00
1.109000000000000000e+04 7.664531230926513672e+00
1.110000000000000000e+04 6.507079124450683594e+00
1.111000000000000000e+04 6.701250076293945312e+00
1.112000000000000000e+04 6.738164901733398438e+00
1.113000000000000000e+04 5.584771156311035156e+00
1.114000000000000000e+04 7.635682106018066406e+00
1.115000000000000000e+04 6.827536582946777344e+00
1.116000000000000000e+04 6.831752300262451172e+00
1.117000000000000000e+04 6.324311733245849609e+00
1.118000000000000000e+04 7.239333629608154297e+00
1.119000000000000000e+04 6.220869064331054688e+00
1.120000000000000000e+04 6.767435550689697266e+00
1.121000000000000000e+04 7.060900688171386719e+00
1.122000000000000000e+04 5.884660720825195312e+00
1.123000000000000000e+04 6.824743747711181641e+00
1.124000000000000000e+04 5.685717582702636719e+00
1.125000000000000000e+04 5.735646247863769531e+00
1.126000000000000000e+04 7.345145702362060547e+00
1.127000000000000000e+04 5.857215881347656250e+00
1.128000000000000000e+04 7.109575271606445312e+00
1.129000000000000000e+04 6.572591304779052734e+00
1.130000000000000000e+04 5.932513713836669922e+00
1.131000000000000000e+04 6.821503162384033203e+00
1.132000000000000000e+04 6.877588748931884766e+00
1.133000000000000000e+04 6.816060543060302734e+00
1.134000000000000000e+04 6.548518180847167969e+00
1.135000000000000000e+04 6.801419258117675781e+00
1.136000000000000000e+04 6.269469738006591797e+00
1.137000000000000000e+04 6.870953559875488281e+00
1.138000000000000000e+04 5.266163349151611328e+00
1.139000000000000000e+04 6.193292617797851562e+00
1.140000000000000000e+04 5.766753673553466797e+00
1.141000000000000000e+04 7.460753440856933594e+00
1.142000000000000000e+04 6.063363075256347656e+00
1.143000000000000000e+04 6.044781684875488281e+00
1.144000000000000000e+04 7.093704223632812500e+00
1.145000000000000000e+04 6.849770545959472656e+00
1.146000000000000000e+04 6.495563983917236328e+00
1.147000000000000000e+04 7.271838188171386719e+00
1.148000000000000000e+04 6.325099945068359375e+00
1.149000000000000000e+04 8.043691635131835938e+00
1.150000000000000000e+04 7.970080375671386719e+00
1.151000000000000000e+04 7.079976558685302734e+00
1.152000000000000000e+04 7.339315414428710938e+00
1.153000000000000000e+04 6.916000366210937500e+00
1.154000000000000000e+04 5.739131927490234375e+00
1.155000000000000000e+04 7.719815254211425781e+00
1.156000000000000000e+04 7.999024391174316406e+00
1.157000000000000000e+04 6.552397727966308594e+00
1.158000000000000000e+04 6.536454677581787109e+00
1.159000000000000000e+04 6.876380443572998047e+00
1.160000000000000000e+04 6.643360614776611328e+00
1.161000000000000000e+04 6.380414485931396484e+00
1.162000000000000000e+04 6.478975772857666016e+00
1.163000000000000000e+04 6.130390167236328125e+00
1.164000000000000000e+04 6.309252262115478516e+00
1.165000000000000000e+04 6.610206127166748047e+00
1.166000000000000000e+04 7.801097869873046875e+00
1.167000000000000000e+04 7.240638732910156250e+00
1.168000000000000000e+04 5.789138317108154297e+00
1.169000000000000000e+04 5.727001190185546875e+00
1.170000000000000000e+04 6.589653015136718750e+00
1.171000000000000000e+04 6.502295494079589844e+00
1.172000000000000000e+04 6.677569866180419922e+00
1.173000000000000000e+04 7.096982479095458984e+00
1.174000000000000000e+04 7.517124176025390625e+00
1.175000000000000000e+04 6.060710906982421875e+00
1.176000000000000000e+04 7.010574340820312500e+00
1.177000000000000000e+04 7.140569686889648438e+00
1.178000000000000000e+04 7.099257946014404297e+00
1.179000000000000000e+04 5.324069023132324219e+00
1.180000000000000000e+04 7.067425251007080078e+00
1.181000000000000000e+04 6.573362827301025391e+00
1.182000000000000000e+04 6.145521640777587891e+00
1.183000000000000000e+04 7.745272636413574219e+00
1.184000000000000000e+04 6.809209346771240234e+00
1.185000000000000000e+04 6.558335781097412109e+00
1.186000000000000000e+04 6.164565563201904297e+00
1.187000000000000000e+04 6.062623500823974609e+00
1.188000000000000000e+04 6.842442035675048828e+00
1.189000000000000000e+04 5.881731986999511719e+00
1.190000000000000000e+04 7.118456840515136719e+00
1.191000000000000000e+04 5.867299079895019531e+00
1.192000000000000000e+04 7.246055603027343750e+00
1.193000000000000000e+04 6.600889205932617188e+00
1.194000000000000000e+04 7.391919612884521484e+00
1.195000000000000000e+04 6.277095794677734375e+00
1.196000000000000000e+04 6.601350784301757812e+00
1.197000000000000000e+04 6.784414291381835938e+00
1.198000000000000000e+04 6.744616031646728516e+00
1.199000000000000000e+04 6.838131427764892578e+00
1.200000000000000000e+04 6.768838882446289062e+00
1.201000000000000000e+04 6.784430503845214844e+00
1.202000000000000000e+04 6.353899955749511719e+00
1.203000000000000000e+04 6.098745346069335938e+00
1.204000000000000000e+04 6.733219146728515625e+00
1.205000000000000000e+04 6.966665744781494141e+00
1.206000000000000000e+04 6.029961109161376953e+00
1.207000000000000000e+04 6.960945606231689453e+00
1.208000000000000000e+04 7.314758300781250000e+00
1.209000000000000000e+04 6.738692283630371094e+00
1.210000000000000000e+04 6.752068519592285156e+00
1.211000000000000000e+04 5.201436519622802734e+00
1.212000000000000000e+04 5.839501380920410156e+00
1.213000000000000000e+04 6.860064983367919922e+00
1.214000000000000000e+04 6.596239566802978516e+00
1.215000000000000000e+04 6.229051589965820312e+00
1.216000000000000000e+04 6.080219268798828125e+00
1.217000000000000000e+04 6.926618576049804688e+00
1.218000000000000000e+04 5.813058376312255859e+00
1.219000000000000000e+04 6.640087604522705078e+00
1.220000000000000000e+04 6.972489356994628906e+00
1.221000000000000000e+04 7.084571361541748047e+00
1.222000000000000000e+04 6.219535827636718750e+00
1.223000000000000000e+04 7.412518501281738281e+00
1.224000000000000000e+04 6.352778911590576172e+00
1.225000000000000000e+04 5.129792213439941406e+00
1.226000000000000000e+04 7.013598442077636719e+00
1.227000000000000000e+04 6.746493816375732422e+00
1.228000000000000000e+04 6.231899261474609375e+00
1.229000000000000000e+04 7.127656459808349609e+00
1.230000000000000000e+04 6.091301441192626953e+00
1.231000000000000000e+04 6.416574001312255859e+00
1.232000000000000000e+04 6.346174240112304688e+00
1.233000000000000000e+04 6.633069038391113281e+00
1.234000000000000000e+04 6.974348068237304688e+00
1.235000000000000000e+04 7.121271133422851562e+00
1.236000000000000000e+04 6.641885757446289062e+00
1.237000000000000000e+04 7.315758228302001953e+00
1.238000000000000000e+04 7.154924392700195312e+00
1.239000000000000000e+04 6.358818531036376953e+00
1.240000000000000000e+04 6.507457733154296875e+00
1.241000000000000000e+04 7.324366092681884766e+00
1.242000000000000000e+04 5.943625926971435547e+00
1.243000000000000000e+04 5.762862682342529297e+00
1.244000000000000000e+04 6.082947731018066406e+00
1.245000000000000000e+04 5.368673801422119141e+00
1.246000000000000000e+04 6.945158481597900391e+00
1.247000000000000000e+04 6.994436740875244141e+00
1.248000000000000000e+04 6.341969490051269531e+00
1.249000000000000000e+04 6.711738109588623047e+00
1.250000000000000000e+04 5.377190113067626953e+00
1.251000000000000000e+04 6.431949615478515625e+00
1.252000000000000000e+04 7.972371578216552734e+00
1.253000000000000000e+04 6.383170127868652344e+00
1.254000000000000000e+04 6.321467876434326172e+00
1.255000000000000000e+04 6.595412254333496094e+00
1.256000000000000000e+04 6.911198616027832031e+00
1.257000000000000000e+04 5.726849555969238281e+00
1.258000000000000000e+04 6.524347305297851562e+00
1.259000000000000000e+04 5.797335147857666016e+00
1.260000000000000000e+04 7.010222911834716797e+00
1.261000000000000000e+04 6.375547885894775391e+00
1.262000000000000000e+04 6.913341522216796875e+00
1.263000000000000000e+04 5.654029369354248047e+00
1.264000000000000000e+04 6.530067920684814453e+00
1.265000000000000000e+04 5.985200881958007812e+00
1.266000000000000000e+04 7.360599994659423828e+00
1.267000000000000000e+04 7.155344963073730469e+00
1.268000000000000000e+04 6.711843013763427734e+00
1.269000000000000000e+04 6.968719005584716797e+00
1.270000000000000000e+04 6.251331806182861328e+00
1.271000000000000000e+04 7.620667934417724609e+00
1.272000000000000000e+04 7.050328731536865234e+00
1.273000000000000000e+04 6.863996505737304688e+00
1.274000000000000000e+04 6.504595756530761719e+00
1.275000000000000000e+04 6.638060092926025391e+00
1.276000000000000000e+04 6.048243999481201172e+00
1.277000000000000000e+04 6.716454029083251953e+00
1.278000000000000000e+04 6.817413806915283203e+00
1.279000000000000000e+04 6.596838474273681641e+00
1.280000000000000000e+04 7.226030349731445312e+00
1.281000000000000000e+04 6.522917270660400391e+00
1.282000000000000000e+04 6.231324195861816406e+00
1.283000000000000000e+04 5.955384731292724609e+00
1.284000000000000000e+04 6.523188114166259766e+00
1.285000000000000000e+04 6.509645938873291016e+00
1.286000000000000000e+04 6.608075141906738281e+00
1.287000000000000000e+04 6.367483139038085938e+00
1.288000000000000000e+04 7.113400936126708984e+00
1.289000000000000000e+04 6.848440647125244141e+00
1.290000000000000000e+04 6.820543766021728516e+00
1.291000000000000000e+04 6.281702518463134766e+00
1.292000000000000000e+04 6.691239356994628906e+00
1.293000000000000000e+04 7.470863342285156250e+00
1.294000000000000000e+04 6.389848709106445312e+00
1.295000000000000000e+04 7.194482326507568359e+00
1.296000000000000000e+04 7.518562793731689453e+00
1.297000000000000000e+04 7.712551116943359375e+00
1.298000000000000000e+04 7.467632770538330078e+00
1.299000000000000000e+04 5.752466201782226562e+00
1.300000000000000000e+04 6.594220161437988281e+00
1.301000000000000000e+04 6.007311820983886719e+00
1.302000000000000000e+04 5.639694213867187500e+00
1.303000000000000000e+04 6.899215698242187500e+00
1.304000000000000000e+04 6.104740142822265625e+00
1.305000000000000000e+04 7.032202243804931641e+00
1.306000000000000000e+04 5.975260734558105469e+00
1.307000000000000000e+04 6.412770748138427734e+00
1.308000000000000000e+04 6.769685268402099609e+00
1.309000000000000000e+04 6.501629352569580078e+00
1.310000000000000000e+04 7.452107906341552734e+00
1.311000000000000000e+04 6.358104228973388672e+00
1.312000000000000000e+04 6.304128646850585938e+00
1.313000000000000000e+04 7.043411254882812500e+00
1.314000000000000000e+04 5.863515853881835938e+00
1.315000000000000000e+04 6.650451660156250000e+00
1.316000000000000000e+04 7.829488277435302734e+00
1.317000000000000000e+04 6.572545528411865234e+00
1.318000000000000000e+04 6.676166534423828125e+00
1.319000000000000000e+04 5.877046585083007812e+00
1.320000000000000000e+04 6.108155250549316406e+00
1.321000000000000000e+04 6.287579536437988281e+00
1.322000000000000000e+04 6.917796134948730469e+00
1.323000000000000000e+04 6.543419361114501953e+00
1.324000000000000000e+04 5.603630542755126953e+00
1.325000000000000000e+04 5.944958686828613281e+00
1.326000000000000000e+04 7.186409473419189453e+00
1.327000000000000000e+04 5.893102645874023438e+00
1.328000000000000000e+04 6.099298954010009766e+00
1.329000000000000000e+04 6.320011138916015625e+00
1.330000000000000000e+04 6.612601757049560547e+00
1.331000000000000000e+04 6.276198863983154297e+00
1.332000000000000000e+04 5.516727924346923828e+00
1.333000000000000000e+04 7.406224727630615234e+00
1.334000000000000000e+04 4.257159709930419922e+00
1.334500000000000000e+04 6.786339282989501953e+00
1.335000000000000000e+04 6.406182765960693359e+00
1.336000000000000000e+04 6.245049476623535156e+00
1.337000000000000000e+04 7.892341136932373047e+00
1.338000000000000000e+04 6.489245414733886719e+00
1.339000000000000000e+04 6.258208751678466797e+00
1.340000000000000000e+04 6.604743003845214844e+00
1.341000000000000000e+04 4.812106132507324219e+00
1.341500000000000000e+04 6.493136882781982422e+00
1.342000000000000000e+04 6.218625068664550781e+00
1.343000000000000000e+04 7.439615726470947266e+00
1.344000000000000000e+04 7.202550411224365234e+00
1.345000000000000000e+04 7.302574634552001953e+00
1.346000000000000000e+04 5.635327339172363281e+00
1.347000000000000000e+04 5.736438751220703125e+00
1.348000000000000000e+04 6.698624134063720703e+00
1.349000000000000000e+04 5.405521869659423828e+00
1.350000000000000000e+04 6.306575298309326172e+00
1.351000000000000000e+04 5.346109867095947266e+00
1.352000000000000000e+04 5.579492092132568359e+00
1.353000000000000000e+04 6.079752922058105469e+00
1.354000000000000000e+04 7.684475898742675781e+00
1.355000000000000000e+04 7.335159301757812500e+00
1.356000000000000000e+04 5.793753623962402344e+00
1.357000000000000000e+04 6.143388748168945312e+00
1.358000000000000000e+04 5.777997016906738281e+00
1.359000000000000000e+04 5.701702594757080078e+00
1.360000000000000000e+04 6.357514381408691406e+00
1.361000000000000000e+04 7.069538593292236328e+00
1.362000000000000000e+04 5.210638999938964844e+00
1.363000000000000000e+04 7.080307483673095703e+00
1.364000000000000000e+04 6.118824958801269531e+00
1.365000000000000000e+04 7.631757736206054688e+00
1.366000000000000000e+04 5.536238670349121094e+00
1.367000000000000000e+04 5.025895118713378906e+00
1.368000000000000000e+04 6.812964916229248047e+00
1.369000000000000000e+04 6.242327690124511719e+00
1.370000000000000000e+04 6.889982223510742188e+00
1.371000000000000000e+04 6.510975360870361328e+00
1.372000000000000000e+04 5.985634803771972656e+00
1.373000000000000000e+04 6.417951107025146484e+00
1.374000000000000000e+04 6.879576683044433594e+00
1.375000000000000000e+04 6.691477775573730469e+00
1.376000000000000000e+04 6.016090393066406250e+00
1.377000000000000000e+04 6.783354282379150391e+00
1.378000000000000000e+04 5.596411228179931641e+00
1.379000000000000000e+04 7.555001735687255859e+00
1.380000000000000000e+04 7.216450214385986328e+00
1.381000000000000000e+04 5.707660675048828125e+00
1.382000000000000000e+04 7.115616798400878906e+00
1.383000000000000000e+04 6.837794780731201172e+00
1.384000000000000000e+04 6.375356674194335938e+00
1.385000000000000000e+04 5.639162063598632812e+00
1.386000000000000000e+04 6.214899063110351562e+00
1.387000000000000000e+04 6.799316883087158203e+00
1.388000000000000000e+04 6.288969039916992188e+00
1.389000000000000000e+04 6.291777610778808594e+00
1.390000000000000000e+04 7.822380542755126953e+00
1.391000000000000000e+04 6.064725875854492188e+00
1.392000000000000000e+04 7.334001541137695312e+00
1.393000000000000000e+04 6.027218818664550781e+00
1.394000000000000000e+04 5.565773010253906250e+00
1.395000000000000000e+04 6.342235565185546875e+00
1.396000000000000000e+04 6.176248550415039062e+00
1.397000000000000000e+04 6.644957065582275391e+00
1.398000000000000000e+04 7.026784896850585938e+00
1.399000000000000000e+04 7.668741703033447266e+00
1.400000000000000000e+04 5.593419551849365234e+00
1.401000000000000000e+04 6.584094524383544922e+00
1.402000000000000000e+04 6.090955257415771484e+00
1.403000000000000000e+04 6.134074211120605469e+00
1.404000000000000000e+04 5.246226310729980469e+00
1.405000000000000000e+04 5.814068317413330078e+00
1.406000000000000000e+04 5.980583667755126953e+00
1.407000000000000000e+04 5.369680404663085938e+00
1.408000000000000000e+04 6.319811820983886719e+00
1.409000000000000000e+04 5.799015522003173828e+00
1.410000000000000000e+04 7.201236248016357422e+00
1.411000000000000000e+04 6.065185546875000000e+00
1.412000000000000000e+04 7.609299182891845703e+00
1.413000000000000000e+04 6.330711364746093750e+00
1.414000000000000000e+04 7.480948925018310547e+00
1.415000000000000000e+04 6.005228519439697266e+00
1.416000000000000000e+04 6.012137889862060547e+00
1.417000000000000000e+04 6.491719722747802734e+00
1.418000000000000000e+04 5.495251178741455078e+00
1.419000000000000000e+04 7.614713668823242188e+00
1.420000000000000000e+04 7.385739803314208984e+00
1.421000000000000000e+04 6.757833003997802734e+00
1.422000000000000000e+04 6.644404888153076172e+00
1.423000000000000000e+04 6.950560569763183594e+00
1.424000000000000000e+04 6.658707141876220703e+00
1.425000000000000000e+04 6.520461082458496094e+00
1.426000000000000000e+04 6.098113059997558594e+00
1.427000000000000000e+04 6.947983264923095703e+00
1.428000000000000000e+04 6.429805278778076172e+00
1.429000000000000000e+04 6.791367530822753906e+00
1.430000000000000000e+04 6.734200000762939453e+00
1.431000000000000000e+04 6.281142234802246094e+00
1.432000000000000000e+04 5.738390445709228516e+00
1.433000000000000000e+04 6.067320823669433594e+00
1.434000000000000000e+04 6.629633426666259766e+00
1.435000000000000000e+04 7.086563110351562500e+00
1.436000000000000000e+04 6.468212604522705078e+00
1.437000000000000000e+04 6.454932689666748047e+00
1.438000000000000000e+04 6.544438362121582031e+00
1.439000000000000000e+04 5.843905925750732422e+00
1.440000000000000000e+04 7.601236820220947266e+00
1.441000000000000000e+04 4.875074386596679688e+00
1.441500000000000000e+04 5.985960960388183594e+00
1.442000000000000000e+04 5.840977191925048828e+00
1.443000000000000000e+04 6.402871608734130859e+00
1.444000000000000000e+04 6.871244907379150391e+00
1.445000000000000000e+04 7.558722496032714844e+00
1.446000000000000000e+04 5.775063991546630859e+00
1.447000000000000000e+04 6.520388603210449219e+00
1.448000000000000000e+04 6.787938117980957031e+00
1.449000000000000000e+04 5.490581035614013672e+00
1.450000000000000000e+04 6.245304584503173828e+00
1.451000000000000000e+04 7.682030200958251953e+00
1.452000000000000000e+04 5.746504783630371094e+00
1.453000000000000000e+04 7.426993846893310547e+00
1.454000000000000000e+04 7.008600234985351562e+00
1.455000000000000000e+04 7.115638256072998047e+00
1.456000000000000000e+04 5.443737983703613281e+00
1.457000000000000000e+04 6.285395622253417969e+00
1.458000000000000000e+04 6.843582153320312500e+00
1.459000000000000000e+04 6.424006938934326172e+00
1.460000000000000000e+04 7.987478256225585938e+00
1.461000000000000000e+04 5.949918270111083984e+00
1.462000000000000000e+04 6.265385627746582031e+00
1.463000000000000000e+04 5.754412651062011719e+00
1.464000000000000000e+04 5.531712055206298828e+00
1.465000000000000000e+04 7.171377182006835938e+00
1.466000000000000000e+04 5.511867523193359375e+00
1.467000000000000000e+04 6.658547401428222656e+00
1.468000000000000000e+04 6.363704681396484375e+00
1.469000000000000000e+04 6.493506908416748047e+00
1.470000000000000000e+04 6.833673477172851562e+00
1.471000000000000000e+04 6.543815612792968750e+00
1.472000000000000000e+04 6.839496135711669922e+00
1.473000000000000000e+04 7.036112308502197266e+00
1.474000000000000000e+04 6.285239696502685547e+00
1.475000000000000000e+04 5.901083946228027344e+00
1.476000000000000000e+04 6.774232387542724609e+00
1.477000000000000000e+04 5.679696083068847656e+00
1.478000000000000000e+04 6.524304389953613281e+00
1.479000000000000000e+04 7.057609081268310547e+00
1.480000000000000000e+04 6.811607837677001953e+00
1.481000000000000000e+04 5.530355453491210938e+00
1.482000000000000000e+04 5.839364051818847656e+00
1.483000000000000000e+04 6.198342323303222656e+00
1.484000000000000000e+04 6.219103813171386719e+00
1.485000000000000000e+04 6.670075416564941406e+00
1.486000000000000000e+04 6.618832111358642578e+00
1.487000000000000000e+04 7.588635921478271484e+00
1.488000000000000000e+04 6.202018737792968750e+00
1.489000000000000000e+04 7.345074176788330078e+00
1.490000000000000000e+04 6.577479362487792969e+00
1.491000000000000000e+04 6.017064571380615234e+00
1.492000000000000000e+04 7.047037124633789062e+00
1.493000000000000000e+04 6.183951854705810547e+00
1.494000000000000000e+04 6.351441860198974609e+00
1.495000000000000000e+04 6.713729381561279297e+00
1.496000000000000000e+04 5.266364574432373047e+00
1.497000000000000000e+04 7.036515235900878906e+00
1.498000000000000000e+04 5.706721782684326172e+00
1.499000000000000000e+04 5.724888324737548828e+00
1.500000000000000000e+04 6.157083034515380859e+00
1.501000000000000000e+04 7.601502895355224609e+00
1.502000000000000000e+04 5.296199321746826172e+00
1.503000000000000000e+04 6.303098201751708984e+00
1.504000000000000000e+04 6.922330856323242188e+00
1.505000000000000000e+04 6.051371097564697266e+00
1.506000000000000000e+04 5.922214984893798828e+00
1.507000000000000000e+04 7.169147014617919922e+00
1.508000000000000000e+04 5.972953319549560547e+00
1.509000000000000000e+04 6.892744064331054688e+00
1.510000000000000000e+04 6.824838638305664062e+00
1.511000000000000000e+04 6.195101737976074219e+00
1.512000000000000000e+04 6.475144863128662109e+00
1.513000000000000000e+04 7.507958889007568359e+00
1.514000000000000000e+04 7.143423080444335938e+00
1.515000000000000000e+04 6.099308490753173828e+00
1.516000000000000000e+04 6.841726779937744141e+00
1.517000000000000000e+04 6.025409221649169922e+00
1.518000000000000000e+04 6.961052417755126953e+00
1.519000000000000000e+04 5.992513656616210938e+00
1.520000000000000000e+04 7.189018726348876953e+00
1.521000000000000000e+04 5.793823242187500000e+00
1.522000000000000000e+04 5.593195438385009766e+00
1.523000000000000000e+04 5.028644084930419922e+00
1.524000000000000000e+04 6.148047924041748047e+00
1.525000000000000000e+04 6.047457218170166016e+00
1.526000000000000000e+04 6.972909450531005859e+00
1.527000000000000000e+04 6.860641956329345703e+00
1.528000000000000000e+04 6.062511444091796875e+00
1.529000000000000000e+04 6.863730430603027344e+00
1.530000000000000000e+04 6.492181301116943359e+00
1.531000000000000000e+04 6.076815128326416016e+00
1.532000000000000000e+04 6.029854297637939453e+00
1.533000000000000000e+04 5.980537891387939453e+00
1.534000000000000000e+04 5.515189170837402344e+00
1.535000000000000000e+04 4.959473609924316406e+00
1.535500000000000000e+04 5.418423175811767578e+00
1.536000000000000000e+04 6.992489337921142578e+00
1.537000000000000000e+04 6.206171989440917969e+00
1.538000000000000000e+04 7.251905918121337891e+00
1.539000000000000000e+04 6.143094062805175781e+00
1.540000000000000000e+04 6.549702167510986328e+00
1.541000000000000000e+04 7.699390411376953125e+00
1.542000000000000000e+04 7.326597690582275391e+00
1.543000000000000000e+04 7.341360092163085938e+00
1.544000000000000000e+04 7.659317970275878906e+00
1.545000000000000000e+04 5.857322216033935547e+00
1.546000000000000000e+04 5.422945976257324219e+00
1.547000000000000000e+04 5.835938930511474609e+00
1.548000000000000000e+04 5.892670154571533203e+00
1.549000000000000000e+04 6.351978302001953125e+00
1.550000000000000000e+04 6.047908782958984375e+00
1.551000000000000000e+04 5.729648113250732422e+00
1.552000000000000000e+04 6.078964710235595703e+00
1.553000000000000000e+04 5.977318763732910156e+00
1.554000000000000000e+04 4.991063117980957031e+00
1.554500000000000000e+04 5.468074321746826172e+00
1.555000000000000000e+04 5.759524822235107422e+00
1.556000000000000000e+04 5.624072551727294922e+00
1.557000000000000000e+04 5.059758186340332031e+00
1.558000000000000000e+04 5.265010356903076172e+00
1.559000000000000000e+04 5.640079498291015625e+00
1.560000000000000000e+04 5.706802845001220703e+00
1.561000000000000000e+04 6.606464862823486328e+00
1.562000000000000000e+04 7.803484916687011719e+00
1.563000000000000000e+04 6.662028789520263672e+00
1.564000000000000000e+04 5.426648139953613281e+00
1.565000000000000000e+04 6.383574008941650391e+00
1.566000000000000000e+04 7.836503982543945312e+00
1.567000000000000000e+04 6.108363628387451172e+00
1.568000000000000000e+04 5.925672054290771484e+00
1.569000000000000000e+04 6.729684829711914062e+00
1.570000000000000000e+04 5.340873241424560547e+00
1.571000000000000000e+04 5.879970073699951172e+00
1.572000000000000000e+04 7.516611099243164062e+00
1.573000000000000000e+04 7.077250957489013672e+00
1.574000000000000000e+04 6.928757190704345703e+00
1.575000000000000000e+04 5.800541400909423828e+00
1.576000000000000000e+04 5.913690567016601562e+00
1.577000000000000000e+04 5.699874877929687500e+00
1.578000000000000000e+04 5.651968002319335938e+00
1.579000000000000000e+04 6.052351474761962891e+00
1.580000000000000000e+04 6.086923122406005859e+00
1.581000000000000000e+04 6.813627719879150391e+00
1.582000000000000000e+04 6.926440238952636719e+00
1.583000000000000000e+04 7.424044609069824219e+00
1.584000000000000000e+04 5.526607990264892578e+00
1.585000000000000000e+04 5.511275291442871094e+00
1.586000000000000000e+04 6.445899486541748047e+00
1.587000000000000000e+04 6.402345657348632812e+00
1.588000000000000000e+04 8.153903007507324219e+00
1.590000000000000000e+04 6.888901233673095703e+00
1.591000000000000000e+04 5.706288337707519531e+00
1.592000000000000000e+04 6.827590942382812500e+00
1.593000000000000000e+04 6.292128562927246094e+00
1.594000000000000000e+04 6.681908130645751953e+00
1.595000000000000000e+04 6.339059352874755859e+00
1.596000000000000000e+04 6.436752796173095703e+00
1.597000000000000000e+04 6.063216686248779297e+00
1.598000000000000000e+04 5.959301471710205078e+00
1.599000000000000000e+04 6.678960800170898438e+00
1.600000000000000000e+04 7.169936656951904297e+00
1.601000000000000000e+04 6.662293910980224609e+00
1.602000000000000000e+04 6.649950027465820312e+00
1.603000000000000000e+04 6.734711170196533203e+00
1.604000000000000000e+04 6.964346408843994141e+00
1.605000000000000000e+04 6.389996528625488281e+00
1.606000000000000000e+04 6.872915267944335938e+00
1.607000000000000000e+04 6.339927673339843750e+00
1.608000000000000000e+04 7.214399337768554688e+00
1.609000000000000000e+04 7.165024280548095703e+00
1.610000000000000000e+04 6.323497772216796875e+00
1.611000000000000000e+04 6.307937622070312500e+00
1.612000000000000000e+04 6.226071357727050781e+00
1.613000000000000000e+04 6.880984783172607422e+00
1.614000000000000000e+04 6.559507846832275391e+00
1.615000000000000000e+04 6.098497867584228516e+00
1.616000000000000000e+04 7.688134670257568359e+00
1.617000000000000000e+04 7.894086837768554688e+00
1.618000000000000000e+04 6.237345695495605469e+00
1.619000000000000000e+04 5.913277149200439453e+00
1.620000000000000000e+04 4.694944381713867188e+00
1.620500000000000000e+04 6.065017700195312500e+00
1.621000000000000000e+04 6.144372463226318359e+00
1.622000000000000000e+04 5.016102313995361328e+00
1.623000000000000000e+04 6.075868606567382812e+00
1.624000000000000000e+04 6.668168067932128906e+00
1.625000000000000000e+04 6.624225616455078125e+00
1.626000000000000000e+04 6.140162944793701172e+00
1.627000000000000000e+04 5.536139965057373047e+00
1.628000000000000000e+04 6.398334026336669922e+00
1.629000000000000000e+04 7.102556228637695312e+00
1.630000000000000000e+04 5.207480430603027344e+00
1.631000000000000000e+04 6.786023139953613281e+00
1.632000000000000000e+04 5.585976600646972656e+00
1.633000000000000000e+04 6.852582931518554688e+00
1.634000000000000000e+04 7.252068519592285156e+00
1.635000000000000000e+04 5.777253627777099609e+00
1.636000000000000000e+04 7.244252204895019531e+00
1.637000000000000000e+04 6.364968299865722656e+00
1.638000000000000000e+04 5.597704410552978516e+00
1.639000000000000000e+04 6.127202510833740234e+00
1.640000000000000000e+04 6.122938156127929688e+00
1.641000000000000000e+04 6.228250026702880859e+00
1.642000000000000000e+04 6.591368198394775391e+00
1.643000000000000000e+04 6.837054729461669922e+00
1.644000000000000000e+04 6.896800041198730469e+00
1.645000000000000000e+04 7.814629554748535156e+00
1.646000000000000000e+04 6.548435688018798828e+00
1.647000000000000000e+04 6.388803005218505859e+00
1.648000000000000000e+04 6.605213165283203125e+00
1.649000000000000000e+04 6.502536773681640625e+00
1.650000000000000000e+04 6.952092170715332031e+00
1.651000000000000000e+04 6.147992134094238281e+00
1.652000000000000000e+04 6.428732872009277344e+00
1.653000000000000000e+04 5.956616401672363281e+00
1.654000000000000000e+04 6.055404663085937500e+00
1.655000000000000000e+04 6.585399150848388672e+00
1.656000000000000000e+04 6.219005107879638672e+00
1.657000000000000000e+04 6.053891181945800781e+00
1.658000000000000000e+04 5.612636566162109375e+00
1.659000000000000000e+04 6.692640304565429688e+00
1.660000000000000000e+04 5.300231933593750000e+00
1.661000000000000000e+04 6.490091800689697266e+00
1.662000000000000000e+04 6.033913612365722656e+00
1.663000000000000000e+04 6.090015411376953125e+00
1.664000000000000000e+04 7.546734809875488281e+00
1.665000000000000000e+04 7.494442462921142578e+00
1.666000000000000000e+04 7.357616424560546875e+00
1.667000000000000000e+04 5.851031780242919922e+00
1.668000000000000000e+04 6.276985168457031250e+00
1.669000000000000000e+04 5.891912460327148438e+00
1.670000000000000000e+04 4.876110553741455078e+00
1.670500000000000000e+04 6.374712944030761719e+00
1.671000000000000000e+04 6.721731662750244141e+00
1.672000000000000000e+04 5.803179264068603516e+00
1.673000000000000000e+04 5.658387660980224609e+00
1.674000000000000000e+04 6.289322853088378906e+00
1.675000000000000000e+04 4.635585308074951172e+00
1.675500000000000000e+04 5.318197727203369141e+00
1.676000000000000000e+04 5.507274150848388672e+00
1.677000000000000000e+04 6.465569496154785156e+00
1.678000000000000000e+04 4.193897247314453125e+00
1.678500000000000000e+04 5.796869277954101562e+00
1.679000000000000000e+04 4.855641841888427734e+00
1.679500000000000000e+04 5.955943584442138672e+00
1.680000000000000000e+04 6.295247077941894531e+00
1.681000000000000000e+04 6.454505920410156250e+00
1.682000000000000000e+04 6.804462909698486328e+00
1.683000000000000000e+04 5.528572082519531250e+00
1.684000000000000000e+04 6.269685745239257812e+00
1.685000000000000000e+04 6.267425060272216797e+00
1.686000000000000000e+04 6.400673866271972656e+00
1.687000000000000000e+04 7.154628753662109375e+00
1.688000000000000000e+04 6.305134296417236328e+00
1.689000000000000000e+04 6.750753879547119141e+00
1.690000000000000000e+04 7.500750541687011719e+00
1.691000000000000000e+04 6.392523288726806641e+00
1.692000000000000000e+04 5.759784221649169922e+00
1.693000000000000000e+04 6.402189254760742188e+00
1.694000000000000000e+04 7.052836894989013672e+00
1.695000000000000000e+04 5.033953666687011719e+00
1.696000000000000000e+04 6.749209403991699219e+00
1.697000000000000000e+04 7.723212718963623047e+00
1.698000000000000000e+04 6.128568172454833984e+00
1.699000000000000000e+04 6.438305854797363281e+00
1.700000000000000000e+04 5.703344345092773438e+00
1.701000000000000000e+04 5.523937702178955078e+00
1.702000000000000000e+04 6.176510810852050781e+00
1.703000000000000000e+04 7.027830600738525391e+00
1.704000000000000000e+04 5.632404804229736328e+00
1.705000000000000000e+04 5.747680664062500000e+00
1.706000000000000000e+04 6.186158657073974609e+00
1.707000000000000000e+04 5.929484367370605469e+00
1.708000000000000000e+04 5.989619255065917969e+00
1.709000000000000000e+04 5.954617023468017578e+00
1.710000000000000000e+04 6.853699684143066406e+00
1.711000000000000000e+04 5.874995708465576172e+00
1.712000000000000000e+04 4.662593364715576172e+00
1.712500000000000000e+04 7.809876918792724609e+00
1.713000000000000000e+04 6.358564376831054688e+00
1.714000000000000000e+04 6.194915294647216797e+00
1.715000000000000000e+04 7.862533569335937500e+00
1.716000000000000000e+04 5.636730194091796875e+00
1.717000000000000000e+04 6.086221218109130859e+00
1.718000000000000000e+04 6.086441516876220703e+00
1.719000000000000000e+04 7.365262031555175781e+00
1.720000000000000000e+04 5.922701358795166016e+00
1.721000000000000000e+04 6.586146831512451172e+00
1.722000000000000000e+04 7.133169174194335938e+00
1.723000000000000000e+04 6.321870326995849609e+00
1.724000000000000000e+04 6.874463558197021484e+00
1.725000000000000000e+04 6.380555152893066406e+00
1.726000000000000000e+04 7.713792324066162109e+00
1.727000000000000000e+04 6.098110675811767578e+00
1.728000000000000000e+04 6.517981052398681641e+00
1.729000000000000000e+04 5.857931613922119141e+00
1.730000000000000000e+04 8.261366844177246094e+00
1.740000000000000000e+04 7.090919017791748047e+00
1.741000000000000000e+04 6.083693981170654297e+00
1.742000000000000000e+04 6.542095184326171875e+00
1.743000000000000000e+04 6.804821014404296875e+00
1.744000000000000000e+04 5.951338768005371094e+00
1.745000000000000000e+04 6.217311382293701172e+00
1.746000000000000000e+04 5.613522052764892578e+00
1.747000000000000000e+04 6.986196994781494141e+00
1.748000000000000000e+04 5.198401927947998047e+00
1.749000000000000000e+04 6.537739276885986328e+00
1.750000000000000000e+04 5.791373729705810547e+00
1.751000000000000000e+04 5.582964420318603516e+00
1.752000000000000000e+04 4.938873767852783203e+00
1.752500000000000000e+04 5.731896400451660156e+00
1.753000000000000000e+04 5.706935405731201172e+00
1.754000000000000000e+04 5.688358783721923828e+00
1.755000000000000000e+04 6.624737739562988281e+00
1.756000000000000000e+04 5.619956970214843750e+00
1.757000000000000000e+04 5.276165008544921875e+00
1.758000000000000000e+04 6.281915664672851562e+00
1.759000000000000000e+04 6.900322914123535156e+00
1.760000000000000000e+04 6.209664821624755859e+00
1.761000000000000000e+04 5.785660266876220703e+00
1.762000000000000000e+04 6.791168689727783203e+00
1.763000000000000000e+04 6.507664203643798828e+00
1.764000000000000000e+04 5.929186820983886719e+00
1.765000000000000000e+04 6.272424697875976562e+00
1.766000000000000000e+04 6.164610385894775391e+00
1.767000000000000000e+04 6.364064216613769531e+00
1.768000000000000000e+04 6.651834487915039062e+00
1.769000000000000000e+04 5.836229324340820312e+00
1.770000000000000000e+04 6.162046432495117188e+00
1.771000000000000000e+04 6.441212654113769531e+00
1.772000000000000000e+04 7.772291660308837891e+00
1.773000000000000000e+04 6.447409629821777344e+00
1.774000000000000000e+04 5.621530532836914062e+00
1.775000000000000000e+04 6.828495979309082031e+00
1.776000000000000000e+04 4.560199260711669922e+00
1.776500000000000000e+04 5.815884113311767578e+00
1.777000000000000000e+04 6.015339374542236328e+00
1.778000000000000000e+04 6.562571048736572266e+00
1.779000000000000000e+04 6.283834457397460938e+00
1.780000000000000000e+04 6.382725238800048828e+00
1.781000000000000000e+04 6.354267597198486328e+00
1.782000000000000000e+04 6.937194824218750000e+00
1.783000000000000000e+04 5.670960903167724609e+00
1.784000000000000000e+04 6.358289718627929688e+00
1.785000000000000000e+04 7.828546524047851562e+00
1.786000000000000000e+04 7.533116817474365234e+00
1.787000000000000000e+04 6.374503612518310547e+00
1.788000000000000000e+04 6.147936344146728516e+00
1.789000000000000000e+04 6.039946079254150391e+00
1.790000000000000000e+04 6.319404125213623047e+00
1.791000000000000000e+04 6.499608516693115234e+00
1.792000000000000000e+04 6.206760883331298828e+00
1.793000000000000000e+04 6.872553825378417969e+00
1.794000000000000000e+04 6.805460453033447266e+00
1.795000000000000000e+04 6.789980411529541016e+00
1.796000000000000000e+04 6.346836090087890625e+00
1.797000000000000000e+04 6.476285457611083984e+00
1.798000000000000000e+04 6.907124996185302734e+00
1.799000000000000000e+04 7.131731033325195312e+00
1.800000000000000000e+04 6.805533885955810547e+00
1.801000000000000000e+04 7.155109882354736328e+00
1.802000000000000000e+04 7.487623691558837891e+00
1.803000000000000000e+04 7.105180740356445312e+00
1.804000000000000000e+04 6.080900669097900391e+00
1.805000000000000000e+04 6.712524890899658203e+00
1.806000000000000000e+04 6.686583042144775391e+00
1.807000000000000000e+04 6.667427539825439453e+00
1.808000000000000000e+04 7.042951583862304688e+00
1.809000000000000000e+04 7.158192634582519531e+00
1.810000000000000000e+04 5.765042304992675781e+00
1.811000000000000000e+04 5.685478687286376953e+00
1.812000000000000000e+04 6.286529064178466797e+00
1.813000000000000000e+04 6.187983512878417969e+00
1.814000000000000000e+04 6.018192768096923828e+00
1.815000000000000000e+04 6.791333198547363281e+00
1.816000000000000000e+04 6.828614711761474609e+00
1.817000000000000000e+04 5.980800628662109375e+00
1.818000000000000000e+04 5.618761539459228516e+00
1.819000000000000000e+04 7.009664058685302734e+00
1.820000000000000000e+04 6.675945281982421875e+00
1.821000000000000000e+04 5.735377788543701172e+00
1.822000000000000000e+04 5.081436157226562500e+00
1.823000000000000000e+04 4.587090015411376953e+00
1.823500000000000000e+04 6.662510871887207031e+00
1.824000000000000000e+04 5.783625125885009766e+00
1.825000000000000000e+04 5.181230545043945312e+00
1.826000000000000000e+04 6.079664707183837891e+00
1.827000000000000000e+04 6.323258399963378906e+00
1.828000000000000000e+04 5.593526840209960938e+00
1.829000000000000000e+04 6.279947280883789062e+00
1.830000000000000000e+04 3.880727052688598633e+00
1.830100000000000000e+04 6.064929962158203125e+00
1.831000000000000000e+04 6.168008804321289062e+00
1.832000000000000000e+04 5.588392257690429688e+00
1.833000000000000000e+04 5.916976451873779297e+00
1.834000000000000000e+04 6.254342555999755859e+00
1.835000000000000000e+04 6.836411952972412109e+00
1.836000000000000000e+04 5.169010639190673828e+00
1.837000000000000000e+04 5.663446426391601562e+00
1.838000000000000000e+04 6.265690326690673828e+00
1.839000000000000000e+04 6.136919498443603516e+00
1.840000000000000000e+04 6.711378574371337891e+00
1.841000000000000000e+04 7.031881332397460938e+00
1.842000000000000000e+04 6.095830917358398438e+00
1.843000000000000000e+04 7.178912162780761719e+00
1.844000000000000000e+04 5.656986713409423828e+00
1.845000000000000000e+04 7.832548618316650391e+00
1.846000000000000000e+04 5.903060436248779297e+00
1.847000000000000000e+04 6.241962909698486328e+00
1.848000000000000000e+04 5.449000835418701172e+00
1.849000000000000000e+04 6.590017795562744141e+00
1.850000000000000000e+04 7.312435626983642578e+00
1.851000000000000000e+04 6.430104255676269531e+00
1.852000000000000000e+04 6.423140048980712891e+00
1.853000000000000000e+04 6.624035835266113281e+00
1.854000000000000000e+04 6.219840526580810547e+00
1.855000000000000000e+04 6.273711204528808594e+00
1.856000000000000000e+04 5.834446430206298828e+00
1.857000000000000000e+04 4.812909603118896484e+00
1.857500000000000000e+04 4.989159584045410156e+00
1.858000000000000000e+04 5.590644359588623047e+00
1.859000000000000000e+04 6.594272136688232422e+00
1.860000000000000000e+04 6.563913345336914062e+00
1.861000000000000000e+04 6.124741077423095703e+00
1.862000000000000000e+04 6.925914764404296875e+00
1.863000000000000000e+04 6.566875934600830078e+00
1.864000000000000000e+04 5.332936763763427734e+00
1.865000000000000000e+04 5.724601745605468750e+00
1.866000000000000000e+04 5.862011909484863281e+00
1.867000000000000000e+04 5.696279525756835938e+00
1.868000000000000000e+04 5.918925285339355469e+00
1.869000000000000000e+04 5.002859592437744141e+00
1.870000000000000000e+04 5.927922725677490234e+00
1.871000000000000000e+04 4.866217136383056641e+00
1.871500000000000000e+04 6.014492511749267578e+00
1.872000000000000000e+04 6.970848083496093750e+00
1.873000000000000000e+04 5.952415466308593750e+00
1.874000000000000000e+04 5.398059844970703125e+00
1.875000000000000000e+04 6.716201782226562500e+00
1.876000000000000000e+04 6.158348083496093750e+00
1.877000000000000000e+04 8.124710083007812500e+00
1.880000000000000000e+04 6.659331321716308594e+00
1.881000000000000000e+04 6.045038700103759766e+00
1.882000000000000000e+04 5.846669673919677734e+00
1.883000000000000000e+04 5.462207317352294922e+00
1.884000000000000000e+04 5.685869216918945312e+00
1.885000000000000000e+04 5.816379070281982422e+00
1.886000000000000000e+04 6.093280792236328125e+00
1.887000000000000000e+04 7.383987426757812500e+00
1.888000000000000000e+04 5.735495567321777344e+00
1.889000000000000000e+04 6.737974643707275391e+00
1.890000000000000000e+04 6.009198665618896484e+00
1.891000000000000000e+04 6.399869918823242188e+00
1.892000000000000000e+04 5.498270988464355469e+00
1.893000000000000000e+04 6.744543552398681641e+00
1.894000000000000000e+04 6.489709377288818359e+00
1.895000000000000000e+04 5.702541828155517578e+00
1.896000000000000000e+04 6.609002113342285156e+00
1.897000000000000000e+04 7.290791034698486328e+00
1.898000000000000000e+04 6.532644271850585938e+00
1.899000000000000000e+04 6.110121250152587891e+00
1.900000000000000000e+04 5.794172286987304688e+00
1.901000000000000000e+04 5.917390346527099609e+00
1.902000000000000000e+04 6.531347274780273438e+00
1.903000000000000000e+04 5.235044956207275391e+00
1.904000000000000000e+04 5.548192501068115234e+00
1.905000000000000000e+04 6.150727748870849609e+00
1.906000000000000000e+04 5.761195659637451172e+00
1.907000000000000000e+04 5.413873672485351562e+00
1.908000000000000000e+04 6.793602466583251953e+00
1.909000000000000000e+04 7.033102035522460938e+00
1.910000000000000000e+04 5.606899738311767578e+00
1.911000000000000000e+04 5.728037834167480469e+00
1.912000000000000000e+04 5.926884174346923828e+00
1.913000000000000000e+04 5.608774185180664062e+00
1.914000000000000000e+04 6.628045082092285156e+00
1.915000000000000000e+04 5.922787666320800781e+00
1.916000000000000000e+04 6.196432590484619141e+00
1.917000000000000000e+04 6.289785861968994141e+00
1.918000000000000000e+04 5.953177452087402344e+00
1.919000000000000000e+04 6.187012195587158203e+00
1.920000000000000000e+04 6.229345321655273438e+00
1.921000000000000000e+04 7.415437221527099609e+00
1.922000000000000000e+04 6.320432662963867188e+00
1.923000000000000000e+04 5.256625652313232422e+00
1.924000000000000000e+04 5.653512477874755859e+00
1.925000000000000000e+04 5.410400390625000000e+00
1.926000000000000000e+04 6.280763149261474609e+00
1.927000000000000000e+04 6.743384838104248047e+00
1.928000000000000000e+04 5.181161880493164062e+00
1.929000000000000000e+04 6.713877677917480469e+00
1.930000000000000000e+04 4.457157611846923828e+00
1.930500000000000000e+04 6.064190864562988281e+00
1.931000000000000000e+04 6.923955917358398438e+00
1.932000000000000000e+04 6.369876384735107422e+00
1.933000000000000000e+04 7.007371425628662109e+00
1.934000000000000000e+04 6.862431526184082031e+00
1.935000000000000000e+04 6.340726375579833984e+00
1.936000000000000000e+04 6.641372203826904297e+00
1.937000000000000000e+04 6.651861190795898438e+00
1.938000000000000000e+04 7.646359920501708984e+00
1.939000000000000000e+04 6.916965961456298828e+00
1.940000000000000000e+04 6.237787246704101562e+00
1.941000000000000000e+04 6.728702068328857422e+00
1.942000000000000000e+04 7.079360485076904297e+00
1.943000000000000000e+04 6.252523422241210938e+00
1.944000000000000000e+04 7.723484516143798828e+00
1.945000000000000000e+04 6.808235168457031250e+00
1.946000000000000000e+04 5.891439437866210938e+00
1.947000000000000000e+04 6.006781101226806641e+00
1.948000000000000000e+04 6.694631576538085938e+00
1.949000000000000000e+04 5.195541381835937500e+00
1.950000000000000000e+04 5.396887779235839844e+00
1.951000000000000000e+04 5.866690635681152344e+00
1.952000000000000000e+04 6.069200992584228516e+00
1.953000000000000000e+04 6.717522144317626953e+00
1.954000000000000000e+04 6.464160919189453125e+00
1.955000000000000000e+04 6.230282306671142578e+00
1.956000000000000000e+04 4.348760128021240234e+00
1.956500000000000000e+04 6.189845561981201172e+00
1.957000000000000000e+04 5.766636371612548828e+00
1.958000000000000000e+04 5.449653148651123047e+00
1.959000000000000000e+04 6.159791469573974609e+00
1.960000000000000000e+04 4.460728168487548828e+00
1.960500000000000000e+04 5.245934009552001953e+00
1.961000000000000000e+04 4.767371177673339844e+00
1.961500000000000000e+04 6.500794410705566406e+00
1.962000000000000000e+04 6.418760776519775391e+00
1.963000000000000000e+04 6.080591678619384766e+00
1.964000000000000000e+04 6.010811805725097656e+00
1.965000000000000000e+04 6.719605922698974609e+00
1.966000000000000000e+04 6.070209980010986328e+00
1.967000000000000000e+04 6.447933673858642578e+00
1.968000000000000000e+04 6.064618110656738281e+00
1.969000000000000000e+04 6.203878879547119141e+00
1.970000000000000000e+04 6.305297374725341797e+00
1.971000000000000000e+04 6.369027137756347656e+00
1.972000000000000000e+04 5.265639305114746094e+00
1.973000000000000000e+04 6.869588375091552734e+00
1.974000000000000000e+04 5.554975032806396484e+00
1.975000000000000000e+04 6.162596225738525391e+00
1.976000000000000000e+04 4.583449363708496094e+00
1.976500000000000000e+04 7.561308383941650391e+00
1.977000000000000000e+04 5.209189414978027344e+00
1.978000000000000000e+04 5.951430797576904297e+00
1.979000000000000000e+04 5.948387622833251953e+00
1.980000000000000000e+04 6.355214595794677734e+00
1.981000000000000000e+04 6.081594944000244141e+00
1.982000000000000000e+04 5.793321132659912109e+00
1.983000000000000000e+04 6.299696922302246094e+00
1.984000000000000000e+04 5.883249759674072266e+00
1.985000000000000000e+04 5.960505008697509766e+00
1.986000000000000000e+04 5.125808715820312500e+00
1.987000000000000000e+04 6.012295722961425781e+00
1.988000000000000000e+04 5.910533905029296875e+00
1.989000000000000000e+04 5.654337406158447266e+00
1.990000000000000000e+04 6.059439182281494141e+00
1.991000000000000000e+04 7.394000053405761719e+00
1.992000000000000000e+04 6.338966846466064453e+00
1.993000000000000000e+04 6.307915687561035156e+00
1.994000000000000000e+04 6.335370063781738281e+00
1.995000000000000000e+04 4.918681144714355469e+00
1.995500000000000000e+04 6.859456539154052734e+00
1.996000000000000000e+04 5.022807598114013672e+00
1.997000000000000000e+04 6.417119979858398438e+00
1.998000000000000000e+04 6.895892143249511719e+00
1.999000000000000000e+04 6.288359165191650391e+00
2.000000000000000000e+04 4.432425022125244141e+00
