0.000000000000000000e+00 0.000000000000000000e+00 2.000000000000000000e+00 9.000000000000000000e+00
1.000000000000000021e-02 1.890965478639046460e-01 1.972087441614376990e+00 8.765065197314658718e+00
2.000000000000000042e-02 3.568446015067152088e-01 1.930202998487646537e+00 8.539712381252954287e+00
2.999999999999999889e-02 5.040725653940004714e-01 1.876914483362425168e+00 8.323116199115121461e+00
4.000000000000000083e-02 6.317611032922575420e-01 1.814517793299159187e+00 8.114473694663702830e+00
5.000000000000000278e-02 7.410034958808883188e-01 1.745052131640477677e+00 7.913028682866883656e+00
5.999999999999999778e-02 8.329712844483553313e-01 1.670316432348695868e+00 7.718087705295703316e+00
7.000000000000000666e-02 9.088847752091167020e-01 1.591886274037749072e+00 7.529029146883956969e+00
8.000000000000000167e-02 9.699879643602076218e-01 1.511130822949971586e+00 7.345306970388469914e+00
8.999999999999999667e-02 1.017527450836356540e+00 1.429229515045279619e+00 7.166450364163599041e+00
1.000000000000000056e-01 1.052734923092978114e+00 1.347188297696755521e+00 6.992060422325188540e+00
1.100000000000000006e-01 1.076812832069757864e+00 1.265855318908116978e+00 6.821804798113763724e+00
1.199999999999999956e-01 1.090922890786709010e+00 1.185935990798482109e+00 6.655411100596662521e+00
1.300000000000000044e-01 1.096177069397097803e+00 1.108007375252462623e+00 6.492659647626848773e+00
1.400000000000000133e-01 1.093630781680113628e+00 1.032531850949955032e+00 6.333376047549662324e+00
1.499999999999999944e-01 1.084277984353073876e+00 9.598700277354973442e-01 6.177423960065643094e+00
1.600000000000000033e-01 1.069047934121521104e+00 8.902928797004492356e-01 6.024698283182541303e+00
1.700000000000000122e-01 1.048803369209876157e+00 8.239930741700091099e-01 5.875118927687054793e+00
1.799999999999999933e-01 1.024339902467413799e+00 7.610954807078799123e-01 5.728625271790451556e+00
1.900000000000000022e-01 9.963864322747508773e-01 7.016668523071605268e-01 5.585171334918734409e+00
2.000000000000000111e-01 9.656063955945977106e-01 6.457246797863912535e-01 5.444721669181989299e+00
2.099999999999999922e-01 9.325997047654428496e-01 5.932452295512219420e-01 5.307247937947764171e+00
2.200000000000000011e-01 8.979052261123258161e-01 5.441707837897918898e-01 5.172726131266663252e+00
2.300000000000000100e-01 8.620036741738360542e-01 4.984161103827486894e-01 5.041134355866207173e+00
2.399999999999999911e-01 8.253208103062212864e-01 4.558741969743264622e-01 4.912451131409939720e+00
2.500000000000000000e-01 7.882308485848663615e-01 4.164212895390334013e-01 4.786654123269305394e+00
2.600000000000000089e-01 7.510599852288992739e-01 3.799212802766325781e-01 4.663719243935886105e+00
2.700000000000000178e-01 7.140899801739815089e-01 3.462294927645729326e-01 4.543620059374646303e+00
2.800000000000000266e-01 6.775617308670243144e-01 3.151959140593934561e-01 4.426327442243366939e+00
2.899999999999999800e-01 6.416787888238059123e-01 2.866679239909664667e-01 4.311809420316104813e+00
2.999999999999999889e-01 6.066107789619853419e-01 2.604925713952083721e-01 4.200031175144361306e+00
3.099999999999999978e-01 5.724966902010822922e-01 2.365184456589162487e-01 4.090955152599084599e+00
3.200000000000000067e-01 5.394480133276488010e-01 2.145971898845735470e-01 3.984541253203460975e+00
3.300000000000000155e-01 5.075517086930290134e-01 1.945846993957326687e-01 3.880747075925524037e+00
3.400000000000000244e-01 4.768729919901517622e-01 1.763420463527048121e-01 3.779528194257886664e+00
3.500000000000000333e-01 4.474579312017198940e-01 1.597361680726390176e-01 3.680838447930651292e+00
3.599999999999999867e-01 4.193358518887024267e-01 1.446403533656795692e-01 3.584630237483664050e+00
3.699999999999999956e-01 3.925215513631274411e-01 1.309345579066700793e-01 3.490854812194513102e+00
3.800000000000000044e-01 3.670173250324871850e-01 1.185055764366269720e-01 3.399462544565267308e+00
3.900000000000000133e-01 3.428148103840757410e-01 1.072470964883720790e-01 3.310403186770531025e+00
4.000000000000000222e-01 3.198966557638768249e-01 9.705965539853915469e-02 3.223626106223149712e+00
4.100000000000000311e-01 2.982380223607237202e-01 8.785051963208868886e-02 3.139080498783136886e+00
4.199999999999999845e-01 2.778079286928626379e-01 7.953350292242546138e-02 3.056715579179249520e+00
4.299999999999999933e-01 2.585704474666539743e-01 7.202873742790215361e-02 2.976480748985598002e+00
4.400000000000000022e-01 2.404857649868860081e-01 6.526241002432564553e-02 2.898325743047125869e+00
4.500000000000000111e-01 2.235111133908999348e-01 5.916647398796561624e-02 2.822200755621058210e+00
4.600000000000000200e-01 2.076015858952282578e-01 5.367834466538196764e-02 2.748056547733998212e+00
4.700000000000000289e-01 1.927108450196440559e-01 4.874058626324254129e-02 2.675844537378128773e+00
4.799999999999999822e-01 1.787917334206565734e-01 4.430059560953961834e-02 2.605516874211451395e+00
4.899999999999999911e-01 1.657967965515152742e-01 4.031028762260608495e-02 2.537026500407990159e+00
5.000000000000000000e-01 1.536787258916536836e-01 3.672578626111606959e-02 2.470327199242133176e+00
5.100000000000000089e-01 1.423907309745734984e-01 3.350712390199264007e-02 2.405373632900634995e+00
5.200000000000000178e-01 1.318868479055561593e-01 3.061795138946831613e-02 2.342121370907416456e+00
5.300000000000000266e-01 1.221221915125491053e-01 2.802526040379347411e-02 2.280526910428409604e+00
5.400000000000000355e-01 1.130531577258339637e-01 2.569911929946995868e-02 2.220547689602657915e+00
5.500000000000000444e-01 1.046375822431896280e-01 2.361242314856349875e-02 2.162142094926255531e+00
5.600000000000000533e-01 9.683486101385574418e-02 2.174065838378290080e-02 2.105269463600688340e+00
5.700000000000000622e-01 8.960603757171924089e-02 2.006168215877069533e-02 2.049890081648817919e+00
5.799999999999999600e-01 8.291386176945120257e-02 1.855551632057829414e-02 1.995965178501477810e+00
5.899999999999999689e-01 7.672282401333588298e-02 1.720415571368704225e-02 1.943456918666049082e+00
5.999999999999999778e-01 7.099916867482614080e-02 1.599139039916126770e-02 1.892328391005622112e+00
6.099999999999999867e-01 6.571088996022809992e-02 1.490264127038162800e-02 1.842543596083388691e+00
6.199999999999999956e-01 6.082771315452260852e-02 1.392480847286799682e-02 1.794067431961270609e+00
6.300000000000000044e-01 5.632106381884352531e-02 1.304613198521511683e-02 1.746865678784012887e+00
6.400000000000000133e-01 5.216402721282545341e-02 1.225606368701198483e-02 1.700904982429458423e+00
6.500000000000000222e-01 4.833129993189184959e-02 1.154515022424194848e-02 1.656152837461785321e+00
6.600000000000000311e-01 4.479913549434097475e-02 1.090492598001136133e-02 1.612577569586498116e+00
6.700000000000000400e-01 4.154528538241713392e-02 1.032781546592389556e-02 1.570148317773280899e+00
6.800000000000000488e-01 3.854893683394487736e-02 9.807044464791204660e-03 1.528835016184800111e+00
6.900000000000000577e-01 3.579064849501972095e-02 9.336559276781930192e-03 1.488608376025665869e+00
7.000000000000000666e-01 3.325228487813784023e-02 8.910953446993555987e-03 1.449439867405442950e+00
7.099999999999999645e-01 3.091695042246934283e-02 8.525401381483201091e-03 1.411301701292416055e+00
7.199999999999999734e-01 2.876892382222950503e-02 8.175598289937809071e-03 1.374166811620307183e+00
7.299999999999999822e-01 2.679359317382248168e-02 7.857705925521853152e-03 1.338008837597943756e+00
7.399999999999999911e-01 2.497739239123160024e-02 7.568303625298790360e-03 1.302802106261656157e+00
7.500000000000000000e-01 2.330773925068784988e-02 7.304344187412317377e-03 1.268521615301637429e+00
7.600000000000000089e-01 2.177297534872037546e-02 7.063114153486592037e-03 1.235143016186390552e+00
7.700000000000000178e-01 2.036230819111782206e-02 6.842198096115376799e-03 1.202642597603476471e+00
7.800000000000000266e-01 1.906575557302613369e-02 6.639446541598514537e-03 1.170997269229901327e+00
7.900000000000000355e-01 1.787409236137870588e-02 6.452947187061552556e-03 1.140184545841443020e+00
8.000000000000000444e-01 1.677879974917942385e-02 6.280999098631067507e-03 1.110182531766915615e+00
8.100000000000000533e-01 1.577201701599705366e-02 6.122089603352949896e-03 1.080969905690663646e+00
8.200000000000000622e-01 1.484649579961354673e-02 5.974873611991477797e-03 1.052525905804369888e+00
8.300000000000000711e-01 1.399555685940311392e-02 5.838155132722864203e-03 1.024830315307477591e+00
8.399999999999999689e-01 1.321304929207270905e-02 5.710870757052221094e-03 9.978634482540903461e-01
8.499999999999999778e-01 1.249331214430106016e-02 5.592074919071331023e-03 9.716061357430553214e-01
8.599999999999999867e-01 1.183113835406239198e-02 5.480926747484418660e-03 9.460397124470357744e-01
8.699999999999999956e-01 1.122174094255665514e-02 5.376678346719474498e-03 9.211460034756501214e-01
8.800000000000000044e-01 1.066072137128382981e-02 5.278664358980443214e-03 8.969073115672080432e-01
8.900000000000000133e-01 1.014403997353438731e-02 5.186292673352499959e-03 8.733064046031534522e-01
9.000000000000000222e-01 9.667988366101424105e-03 5.099036161123422263e-03 8.503265034390072863e-01
9.100000000000000311e-01 9.229163745069822108e-03 5.016425328404655604e-03 8.279512700453893759e-01
9.200000000000000400e-01 8.824444968856209534e-03 4.938041788001668042e-03 8.061647959525390927e-01
9.300000000000000488e-01 8.450970332042581287e-03 4.863512462369153772e-03 7.849515909916723322e-01
9.400000000000000577e-01 8.106116934776953775e-03 4.792504438464789164e-03 7.642965723264626421e-01
9.500000000000000666e-01 7.787481554440899185e-03 4.724720403455509414e-03 7.441850537679390865e-01
9.599999999999999645e-01 7.492862928763931521e-03 4.659894597598913425e-03 7.246027353661085302e-01
9.699999999999999734e-01 7.220245362475305982e-03 4.597789227283057521e-03 7.055356932716746465e-01
9.799999999999999822e-01 6.967783572819220839e-03 4.538191287219661696e-03 6.869703698612883436e-01
9.899999999999999911e-01 6.733788692730231784e-03 4.480909746205056013e-03 6.688935641198574533e-01
1.000000000000000000e+00 6.516715354095111920e-03 4.425773055741908518e-03 6.512924222735362312e-01
1.010000000000000009e+00 6.315149777251757683e-03 4.372626945201761595e-03 6.341544286671331188e-01
1.020000000000000018e+00 6.127798796641037264e-03 4.321332471148573058e-03 6.174673968797774748e-01
1.030000000000000027e+00 5.953479756289622310e-03 4.271764291978533308e-03 6.012194610728205380e-01
1.040000000000000036e+00 5.791111212524307009e-03 4.223809142199729666e-03 5.853990675640586838e-01
1.050000000000000044e+00 5.639704384971682728e-03 4.177364483511883560e-03 5.699949666224997102e-01
1.060000000000000053e+00 5.498355300458062853e-03 4.132337312383839965e-03 5.549962044780154535e-01
1.070000000000000062e+00 5.366237577874811635e-03 4.088643106094080014e-03 5.403921155403577092e-01
1.080000000000000071e+00 5.242595805400029722e-03 4.046204891224195431e-03 5.261723148221368884e-01
1.090000000000000080e+00 5.126739464658766274e-03 4.004952420401549501e-03 5.123266905604928478e-01
1.100000000000000089e+00 5.018037359453708483e-03 3.964821444697451923e-03 4.988453970323123987e-01
1.110000000000000098e+00 4.915912509602384309e-03 3.925753070521235261e-03 4.857188475579721221e-01
1.120000000000000107e+00 4.819837473173356826e-03 3.887693191127001603e-03 4.729377076887103515e-01
1.130000000000000115e+00 4.729330063022541518e-03 3.850591983984966420e-03 4.604928885728478694e-01
1.140000000000000124e+00 4.643949425992951498e-03 3.814403466278109070e-03 4.483755404962025959e-01
1.150000000000000133e+00 4.563292455459526040e-03 3.779085101680856613e-03 4.365770465921536836e-01
1.159999999999999920e+00 4.486990510078663931e-03 3.744597452371674958e-03 4.250890167169292799e-01
1.169999999999999929e+00 4.414706413644122439e-03 3.710903870936782967e-03 4.139032814858020215e-01
1.179999999999999938e+00 4.346131712861724984e-03 3.677970227447357413e-03 4.030118864659873457e-01
1.189999999999999947e+00 4.280984171640322446e-03 3.645764667546454868e-03 3.924070865221458981e-01
1.199999999999999956e+00 4.219005482161105811e-03 3.614257397872183177e-03 3.820813403104963979e-01
1.209999999999999964e+00 4.159959174537541070e-03 3.583420495577566318e-03 3.720273049176481828e-01
1.219999999999999973e+00 4.103628708319624965e-03 3.553227739091203118e-03 3.622378306403637449e-01
1.229999999999999982e+00 4.049815730434736145e-03 3.523654457601999024e-03 3.527059559025571001e-01
1.239999999999999991e+00 3.998338485398905684e-03 3.494677397050849083e-03 3.434249023059308681e-01
1.250000000000000000e+00 3.949030364782465594e-03 3.466274600676692505e-03 3.343880698107478677e-01
1.260000000000000009e+00 3.901738583978432099e-03 3.438425302397861687e-03 3.255890320433232898e-01
1.270000000000000018e+00 3.856322975305847937e-03 3.411109831515581493e-03 3.170215317269136079e-01
1.280000000000000027e+00 3.812654887389054555e-03 3.384309527408087531e-03 3.086794762327622066e-01
1.290000000000000036e+00 3.770616181592259530e-03 3.358006663043892545e-03 3.005569332481490274e-01
1.300000000000000044e+00 3.730098317061738677e-03 3.332184376283706204e-03 2.926481265583717462e-01
1.310000000000000053e+00 3.691001516639947581e-03 3.306826608064689869e-03 2.849474319396657629e-01
1.320000000000000062e+00 3.653234006571151604e-03 3.281918046670009859e-03 2.774493731601507807e-01
1.330000000000000071e+00 3.616711323520846282e-03 3.257444077382839250e-03 2.701486180859657416e-01
1.340000000000000080e+00 3.581355682985178437e-03 3.233390736908509523e-03 2.630399748898266110e-01
1.350000000000000089e+00 3.547095403675316807e-03 3.209744672022930845e-03 2.561183883593195487e-01
1.360000000000000098e+00 3.513864382928700691e-03 3.186493101970732517e-03 2.493789363023049543e-01
1.370000000000000107e+00 3.481601618627442642e-03 3.163623784194056435e-03 2.428168260468822337e-01
1.380000000000000115e+00 3.450250773496906908e-03 3.141124983023376588e-03 2.364273910334289408e-01
1.390000000000000124e+00 3.419759778017293899e-03 3.118985441006041047e-03 2.302060874962944537e-01
1.400000000000000133e+00 3.390080468510654494e-03 3.097194352587151478e-03 2.241484912327909862e-01
1.409999999999999920e+00 3.361168257267385662e-03 3.075741339891540152e-03 2.182502944571867165e-01
1.419999999999999929e+00 3.332981831852274181e-03 3.054616430385592631e-03 2.125073027374664858e-01
1.429999999999999938e+00 3.305482880982544506e-03 3.033810036223960529e-03 2.069154320126834479e-01
1.439999999999999947e+00 3.278635844601112802e-03 3.013312935109291411e-03 2.014707056887827530e-01
1.449999999999999956e+00 3.252407685979063611e-03 2.993116252513348865e-03 1.961692518108332228e-01
1.459999999999999964e+00 3.226767683873931619e-03 2.973211445125654127e-03 1.910073003096581512e-01
1.469999999999999973e+00 3.201687242946207792e-03 2.953590285411368446e-03 1.859811803209081016e-01
1.479999999999999982e+00 3.177139720796969685e-03 2.934244847173788934e-03 1.810873175746705310e-01
1.489999999999999991e+00 3.153100270135952930e-03 2.915167492028841907e-03 1.763222318537615296e-01
1.500000000000000000e+00 3.129545694722947208e-03 2.896350856709444064e-03 1.716825345188922047e-01
1.510000000000000009e+00 3.106454317847201930e-03 2.877787841126868383e-03 1.671649260989513663e-01
1.520000000000000018e+00 3.083805862220523504e-03 2.859471597124331899e-03 1.627661939446915507e-01
1.530000000000000027e+00 3.061581340260949476e-03 2.841395517865142294e-03 1.584832099441503828e-01
1.540000000000000036e+00 3.039762953836051048e-03 2.823553227803993898e-03 1.543129282981835215e-01
1.550000000000000044e+00 3.018334002618898275e-03 2.805938573195480672e-03 1.502523833545276188e-01
1.560000000000000053e+00 2.997278800286181429e-03 2.788545613098738791e-03 1.462986874988537744e-01
1.570000000000000062e+00 2.976582597857605622e-03 2.771368610841363350e-03 1.424490291013121024e-01
1.580000000000000071e+00 2.956231513539058203e-03 2.754402025909487208e-03 1.387006705171075771e-01
1.590000000000000080e+00 2.936212468489716749e-03 2.737640506234205982e-03 1.350509461396856847e-01
1.600000000000000089e+00 2.916513127985749954e-03 2.721078880847431925e-03 1.314972605051438481e-01
1.610000000000000098e+00 2.897121847501033225e-03 2.704712152882835473e-03 1.280370864465208702e-01
1.620000000000000107e+00 2.878027623268690580e-03 2.688535492899774525e-03 1.246679632966521956e-01
1.630000000000000115e+00 2.859220046926832202e-03 2.672544232510148943e-03 1.213874951383127482e-01
1.640000000000000124e+00 2.840689263887737591e-03 2.656733858289869830e-03 1.181933491004044656e-01
1.650000000000000133e+00 2.822425935102422078e-03 2.641100005958216083e-03 1.150832536989754573e-01
1.660000000000000142e+00 2.804421201922211240e-03 2.625638454809761917e-03 1.120549972218925078e-01
1.669999999999999929e+00 2.786666653785950867e-03 2.610345122384790696e-03 1.091064261560176774e-01
1.679999999999999938e+00 2.769154298486016085e-03 2.595216059365239736e-03 1.062354436557710058e-01
1.689999999999999947e+00 2.751876534788590470e-03 2.580247444684200409e-03 1.034400080519902732e-01
1.699999999999999956e+00 2.734826127203959702e-03 2.565435580837910345e-03 1.007181314000274858e-01
1.709999999999999964e+00 2.717996182720977538e-03 2.550776889389948232e-03 9.806787806604999602e-02
1.719999999999999973e+00 2.701380129336623196e-03 2.536267906658085450e-03 9.548736335054053281e-02
1.729999999999999982e+00 2.684971696226759377e-03 2.521905279574890215e-03 9.297475214801782795e-02
1.739999999999999991e+00 2.668764895418043650e-03 2.507685761713759291e-03 9.052825764202465653e-02
1.750000000000000000e+00 2.652754004833502311e-03 2.493606209472610039e-03 8.814614003445515877e-02
1.760000000000000009e+00 2.636933552595690719e-03 2.479663578407912718e-03 8.582670530831812417e-02
1.770000000000000018e+00 2.621298302481734743e-03 2.465854919712224744e-03 8.356830402305645555e-02
1.780000000000000027e+00 2.605843240433983101e-03 2.452177376828762901e-03 8.136933014156587374e-02
1.790000000000000036e+00 2.590563562038552137e-03 2.438628182196937201e-03 7.922821988807925153e-02
1.800000000000000044e+00 2.575454660891848650e-03 2.425204654123099685e-03 7.714345063610390796e-02
1.810000000000000053e+00 2.560512117782207629e-03 2.411904193771081083e-03 7.511353982562157805e-02
1.820000000000000062e+00 2.545731690620233606e-03 2.398724282267375354e-03 7.313704390878077166e-02
1.830000000000000071e+00 2.531109305057267344e-03 2.385662477916100990e-03 7.121255732333175992e-02
1.840000000000000080e+00 2.516641045736710443e-03 2.372716413519119528e-03 6.933871149307441195e-02
1.850000000000000089e+00 2.502323148127785519e-03 2.359883793796915472e-03 6.751417385460795062e-02
1.860000000000000098e+00 2.488151990895682859e-03 2.347162392906066916e-03 6.573764690969065294e-02
1.870000000000000107e+00 2.474124088766049921e-03 2.334550052049333933e-03 6.400786730253549273e-02
1.880000000000000115e+00 2.460236085845415172e-03 2.322044677174579970e-03 6.232360492138559055e-02
1.890000000000000124e+00 2.446484749362426350e-03 2.309644236758925852e-03 6.068366202373073892e-02
1.900000000000000133e+00 2.432866963797807296e-03 2.297346759674688196e-03 5.908687238454269491e-02
1.910000000000000142e+00 2.419379725373670131e-03 2.285150333133828798e-03 5.753210046692384255e-02
1.919999999999999929e+00 2.406020136875288915e-03 2.273053100707775158e-03 5.601824061457905818e-02
1.929999999999999938e+00 2.392785402780735118e-03 2.261053260419624514e-03 5.454421626553694613e-02
1.939999999999999947e+00 2.379672824675826102e-03 2.249149062905867347e-03 5.310897918656106581e-02
1.949999999999999956e+00 2.366679796933715205e-03 2.237338809644889501e-03 5.171150872770666901e-02
1.959999999999999964e+00 2.353803802640161598e-03 2.225620851249647363e-03 5.035081109649305192e-02
1.969999999999999973e+00 2.341042409747101476e-03 2.213993585821997720e-03 4.902591865117530978e-02
1.979999999999999982e+00 2.328393267438524233e-03 2.202455457366296609e-03 4.773588921261270185e-02
1.989999999999999991e+00 2.315854102693993503e-03 2.191004954259967788e-03 4.647980539424461516e-02
2.000000000000000000e+00 2.303422717036314286e-03 2.179640607778836857e-03 4.525677394969741807e-02
2.010000000000000231e+00 2.291096983450932514e-03 2.168360990675136362e-03 4.406592513755836632e-02
2.020000000000000018e+00 2.278874843465631284e-03 2.157164715806149640e-03 4.290641210286479101e-02
2.030000000000000249e+00 2.266754304380010944e-03 2.146050434811573072e-03 4.177741027486876757e-02
2.040000000000000036e+00 2.254733436635022060e-03 2.135016836837728450e-03 4.067811678064895548e-02
2.049999999999999822e+00 2.242810371313619638e-03 2.124062647306861670e-03 3.960774987415269927e-02
2.060000000000000053e+00 2.230983297764245303e-03 2.113186626729805177e-03 3.856554838026221566e-02
2.069999999999999840e+00 2.219250461339515937e-03 2.102387569560385666e-03 3.755077115348964129e-02
2.080000000000000071e+00 2.207610161243035458e-03 2.091664303089991930e-03 3.656269655091595738e-02
2.089999999999999858e+00 2.196060748477800684e-03 2.081015686380811424e-03 3.560062191899901474e-02
2.100000000000000089e+00 2.184600623890133216e-03 2.070440609236278394e-03 3.466386309388570786e-02
2.109999999999999876e+00 2.173228236303526364e-03 2.059937991207354442e-03 3.375175391487283960e-02
2.120000000000000107e+00 2.161942080737200809e-03 2.049506780633304076e-03 3.286364575067089733e-02
2.129999999999999893e+00 2.150740696704509999e-03 2.039145953715691944e-03 3.199890703813362131e-02
2.140000000000000124e+00 2.139622666586718427e-03 2.028854513624370106e-03 3.115692283312553046e-02
2.149999999999999911e+00 2.128586614077955172e-03 2.018631489634284404e-03 3.033709437320784158e-02
2.160000000000000142e+00 2.117631202697453901e-03 2.008475936291950238e-03 2.953883865183198551e-02
2.169999999999999929e+00 2.106755134365437699e-03 1.998386932610536539e-03 2.876158800373768837e-02
2.180000000000000160e+00 2.095957148039274270e-03 1.988363581292484569e-03 2.800478970126100281e-02
2.189999999999999947e+00 2.085236018406731728e-03 1.978405007978683173e-03 2.726790556126502951e-02
2.200000000000000178e+00 2.074590554633377274e-03 1.968510360523218188e-03 2.655041156241390310e-02
2.209999999999999964e+00 2.064019599161367926e-03 1.958678808292775748e-03 2.585179747251785398e-02
2.220000000000000195e+00 2.053522026557029045e-03 1.948909541489812162e-03 2.517156648568432548e-02
2.229999999999999982e+00 2.043096742404811993e-03 1.939201770498624744e-03 2.450923486901706097e-02
2.240000000000000213e+00 2.032742682245346297e-03 1.929554725253507848e-03 2.386433161861205299e-02
2.250000000000000000e+00 2.022458810555462574e-03 1.919967654628201544e-03 2.323639812460557771e-02
2.260000000000000231e+00 2.012244119768171781e-03 1.910439825845866623e-03 2.262498784503616869e-02
2.270000000000000018e+00 2.002097629330721641e-03 1.900970523908861046e-03 2.202966598828863531e-02
2.280000000000000249e+00 1.992018384798962139e-03 1.891559051047606368e-03 2.145000920389425123e-02
2.290000000000000036e+00 1.982005456966332187e-03 1.882204726187873024e-03 2.088560528146724340e-02
2.300000000000000266e+00 1.972057941025911858e-03 1.872906884435828747e-03 2.033605285756349274e-02
2.310000000000000053e+00 1.962174955764043119e-03 1.863664876580224759e-03 1.980096113025297047e-02
2.319999999999999840e+00 1.952355642784118269e-03 1.854478068611117121e-03 1.927994958120291674e-02
2.330000000000000071e+00 1.942599165759211844e-03 1.845345841254539959e-03 1.877264770507418301e-02
2.339999999999999858e+00 1.932904709712302211e-03 1.836267589522574788e-03 1.827869474603823971e-02
2.350000000000000089e+00 1.923271480322894141e-03 1.827242722278276657e-03 1.779773944122745380e-02
2.359999999999999876e+00 1.913698703258921718e-03 1.818270661814936490e-03 1.732943977093632029e-02
2.370000000000000107e+00 1.904185623532860406e-03 1.809350843449188465e-03 1.687346271539584552e-02
2.379999999999999893e+00 1.894731504881045584e-03 1.800482715127473465e-03 1.642948401794820656e-02
2.390000000000000124e+00 1.885335629165233720e-03 1.791665737045401068e-03 1.599718795445327982e-02
2.399999999999999911e+00 1.875997295795494560e-03 1.782899381279564677e-03 1.557626710876300336e-02
2.410000000000000142e+00 1.866715821173571760e-03 1.774183131431380242e-03 1.516642215410392291e-02
2.419999999999999929e+00 1.857490538155883407e-03 1.765516482282533097e-03 1.476736164021246259e-02
2.430000000000000160e+00 1.848320795535386566e-03 1.756898939461639352e-03 1.437880178607154821e-02
2.439999999999999947e+00 1.839205957541548446e-03 1.748330019121733690e-03 1.400046627810115803e-02
2.450000000000000178e+00 1.830145403357723993e-03 1.739809247628215172e-03 1.363208607365932502e-02
2.459999999999999964e+00 1.821138526655254487e-03 1.731336161256897795e-03 1.327339920971381919e-02
2.470000000000000195e+00 1.812184735143642896e-03 1.722910305901818005e-03 1.292415061654848124e-02
2.479999999999999982e+00 1.803283450136190184e-03 1.714531236792468920e-03 1.258409193637166981e-02
2.490000000000000213e+00 1.794434106130499921e-03 1.706198518220145965e-03 1.225298134669790956e-02
2.500000000000000000e+00 1.785636150403288299e-03 1.697911723273090373e-03 1.193058338837705082e-02
2.510000000000000231e+00 1.776889042618965677e-03 1.689670433580139127e-03 1.161666879814872433e-02
2.520000000000000018e+00 1.768192254451468170e-03 1.681474239062591631e-03 1.131101434560294848e-02
2.530000000000000249e+00 1.759545269218852235e-03 1.673322737694016857e-03 1.101340267443098354e-02
2.540000000000000036e+00 1.750947581530176104e-03 1.665215535267738824e-03 1.072362214785352839e-02
2.550000000000000266e+00 1.742398696944221772e-03 1.657152245171739958e-03 1.044146669811633725e-02
2.560000000000000053e+00 1.733898131639619337e-03 1.649132488170734073e-03 1.016673567994622052e-02
2.569999999999999840e+00 1.725445412095963837e-03 1.641155892195173688e-03 9.899233727863219687e-03
2.580000000000000071e+00 1.717040074785523450e-03 1.633222092136957498e-03 9.638770617247504474e-03
2.589999999999999858e+00 1.708681665875161088e-03 1.625330729651616388e-03 9.385161129062137217e-03
2.600000000000000089e+00 1.700369740938101207e-03 1.617481452966764831e-03 9.138224918135566185e-03
2.609999999999999876e+00 1.692103864675192481e-03 1.609673916696607128e-03 8.897786384910144966e-03
2.620000000000000107e+00 1.683883610645328524e-03 1.601907781662301362e-03 8.663674550565467897e-03
2.629999999999999893e+00 1.675708561004703341e-03 1.594182714717988763e-03 8.435722935427721059e-03
2.640000000000000124e+00 1.667578306254590120e-03 1.586498388582294585e-03 8.213769440578611025e-03
2.649999999999999911e+00 1.659492444997346956e-03 1.578854481675131399e-03 7.997656232579603702e-03
2.660000000000000142e+00 1.651450583700357416e-03 1.571250677959620682e-03 7.787229631229589978e-03
2.669999999999999929e+00 1.643452336467635978e-03 1.563686666788973324e-03 7.582340000276092430e-03
2.680000000000000160e+00 1.635497324818827730e-03 1.556162142758160801e-03 7.382841641002296611e-03
2.689999999999999947e+00 1.627585177475350357e-03 1.548676805560220875e-03 7.188592688614265161e-03
2.700000000000000178e+00 1.619715530153432526e-03 1.541230359847053184e-03 6.999455011354629823e-03
2.709999999999999964e+00 1.611888025363807098e-03 1.533822515094548835e-03 6.815294112271009716e-03
2.720000000000000195e+00 1.604102312217840168e-03 1.526452985471919320e-03 6.635979033569309841e-03
2.729999999999999982e+00 1.596358046239869334e-03 1.519121489715086855e-03 6.461382263483890845e-03
2.740000000000000213e+00 1.588654889185543663e-03 1.511827751004003653e-03 6.291379645598351410e-03
2.750000000000000000e+00 1.580992508865960468e-03 1.504571496843773925e-03 6.125850290552467027e-03
2.760000000000000231e+00 1.573370578977405449e-03 1.497352458949455451e-03 5.964676490072482948e-03
2.770000000000000018e+00 1.565788778936503872e-03 1.490170373134417324e-03 5.807743633263622723e-03
2.780000000000000249e+00 1.558246793720604109e-03 1.483024979202148723e-03 5.654940125105282697e-03
2.790000000000000036e+00 1.550744313713217030e-03 1.475916020841398562e-03 5.506157307090965743e-03
2.800000000000000266e+00 1.543281034554339071e-03 1.468843245524541945e-03 5.361289379956493337e-03
2.810000000000000053e+00 1.535856656995504598e-03 1.461806404409070207e-03 5.220233328441570286e-03
2.819999999999999840e+00 1.528470886759399072e-03 1.454805252242104578e-03 5.082888848031176347e-03
2.830000000000000071e+00 1.521123434403890123e-03 1.447839547267833725e-03 4.949158273624690990e-03
2.839999999999999858e+00 1.513814015190326255e-03 1.440909051137785179e-03 4.818946510082041008e-03
2.850000000000000089e+00 1.506542348955964205e-03 1.434013528823836758e-03 4.692160964597453035e-03
2.859999999999999876e+00 1.499308159990384633e-03 1.427152748533882121e-03 4.568711480852740911e-03
2.870000000000000107e+00 1.492111176915772138e-03 1.420326481630065658e-03 4.448510274903288639e-03
2.879999999999999893e+00 1.484951132570923185e-03 1.413534502549503892e-03 4.331471872751140387e-03
2.890000000000000124e+00 1.477827763898869207e-03 1.406776588727414465e-03 4.217513049560799900e-03
2.899999999999999911e+00 1.470740811837989307e-03 1.400052520522577452e-03 4.106552770474514343e-03
2.910000000000000142e+00 1.463690021216502426e-03 1.393362081145050734e-03 3.998512132984950382e-03
2.919999999999999929e+00 1.456675140650227733e-03 1.386705056586075248e-03 3.893314310824289200e-03
2.930000000000000160e+00 1.449695922443504370e-03 1.380081235550091384e-03 3.790884499329824023e-03
2.939999999999999947e+00 1.442752122493173427e-03 1.373490409388806489e-03 3.691149862247220578e-03
2.950000000000000178e+00 1.435843500195518917e-03 1.366932372037245802e-03 3.594039479933604838e-03
2.959999999999999964e+00 1.428969818356069744e-03 1.360406919951725460e-03 3.499484298923638201e-03
2.970000000000000195e+00 1.422130843102174845e-03 1.353913852049683838e-03 3.407417082822719427e-03
2.979999999999999982e+00 1.415326343798260431e-03 1.347452969651316557e-03 3.317772364492389478e-03
2.990000000000000213e+00 1.408556092963680201e-03 1.341024076422954025e-03 3.230486399493940394e-03
3.000000000000000000e+00 1.401819866193078964e-03 1.334626978322131638e-03 3.145497120757108443e-03
3.010000000000000231e+00 1.395117442079185947e-03 1.328261483544293216e-03 3.062744094441626885e-03
3.020000000000000018e+00 1.388448602137960395e-03 1.321927402471081720e-03 2.982168476960243321e-03
3.030000000000000249e+00 1.381813130736014210e-03 1.315624547620163022e-03 2.903712973132637973e-03
3.040000000000000036e+00 1.375210815020241374e-03 1.309352733596540240e-03 2.827321795440487177e-03
3.050000000000000266e+00 1.368641444849575230e-03 1.303111777045302478e-03 2.752940624354695276e-03
3.060000000000000053e+00 1.362104812728816587e-03 1.296901496605775209e-03 2.680516569706578762e-03
3.070000000000000284e+00 1.355600713744460227e-03 1.290721712867017252e-03 2.609998133075538528e-03
3.080000000000000071e+00 1.349128945502455629e-03 1.284572248324627238e-03 2.541335171166466018e-03
3.089999999999999858e+00 1.342689308067841628e-03 1.278452927338820985e-03 2.474478860150838583e-03
3.100000000000000089e+00 1.336281603906197980e-03 1.272363576093733795e-03 2.409381660946156248e-03
3.109999999999999876e+00 1.329905637826850730e-03 1.266304022557914518e-03 2.345997285409013103e-03
3.120000000000000107e+00 1.323561216927782169e-03 1.260274096445973416e-03 2.284280663417772184e-03
3.129999999999999893e+00 1.317248150542184651e-03 1.254273629181343937e-03 2.224187910821430730e-03
3.140000000000000124e+00 1.310966250186611443e-03 1.248302453860129996e-03 2.165676298231883259e-03
3.149999999999999911e+00 1.304715329510671481e-03 1.242360405215998855e-03 2.108704220637394079e-03
3.160000000000000142e+00 1.298495204248220538e-03 1.236447319586092075e-03 2.053231167815653714e-03
3.169999999999999929e+00 1.292305692169999154e-03 1.230563034877917884e-03 1.999217695525406981e-03
3.180000000000000160e+00 1.286146613037677643e-03 1.224707390537201328e-03 1.946625397456134198e-03
3.189999999999999947e+00 1.280017788559253966e-03 1.218880227516653831e-03 1.895416877915859178e-03
3.200000000000000178e+00 1.273919042345771297e-03 1.213081388245640683e-03 1.845555725237652944e-03
3.209999999999999964e+00 1.267850199869310175e-03 1.207310716600716333e-03 1.797006485885924241e-03
3.220000000000000195e+00 1.261811088422213831e-03 1.201568057876998847e-03 1.749734639244076261e-03
3.229999999999999982e+00 1.255801537077510903e-03 1.195853258760361639e-03 1.703706573065610517e-03
3.240000000000000213e+00 1.249821376650492831e-03 1.190166167300410385e-03 1.658889559571207926e-03
3.250000000000000000e+00 1.243870439661418385e-03 1.184506632884230149e-03 1.615251732174800663e-03
3.260000000000000231e+00 1.237948560299301747e-03 1.178874506210869340e-03 1.572762062822072315e-03
3.270000000000000018e+00 1.232055574386754435e-03 1.173269639266546821e-03 1.531390339925278992e-03
3.280000000000000249e+00 1.226191319345845947e-03 1.167691885300552266e-03 1.491107146878694082e-03
3.290000000000000036e+00 1.220355634164956449e-03 1.162141098801821541e-03 1.451883841139405039e-03
3.300000000000000266e+00 1.214548359366580520e-03 1.156617135476168019e-03 1.413692533858576300e-03
3.310000000000000053e+00 1.208769336976065487e-03 1.151119852224147515e-03 1.376506070048699694e-03
3.320000000000000284e+00 1.203018410491243570e-03 1.145649107119536651e-03 1.340298009272729469e-03
3.330000000000000071e+00 1.197295424852936815e-03 1.140204759388408840e-03 1.305042606841360113e-03
3.339999999999999858e+00 1.191600226416304233e-03 1.134786669388784894e-03 1.270714795505088063e-03
3.350000000000000089e+00 1.185932662923007939e-03 1.129394698590847641e-03 1.237290167628025657e-03
3.359999999999999876e+00 1.180292583474171209e-03 1.124028709557694508e-03 1.204744957830800565e-03
3.370000000000000107e+00 1.174679838504102828e-03 1.118688565926620731e-03 1.173056026090186664e-03
3.379999999999999893e+00 1.169094279754767174e-03 1.113374132390908440e-03 1.142200841283460546e-03
3.390000000000000124e+00 1.163535760250973983e-03 1.108085274682110363e-03 1.112157465165768220e-03
3.399999999999999911e+00 1.158004134276265258e-03 1.102821859552818168e-03 1.082904536769115468e-03
3.410000000000000142e+00 1.152499257349481757e-03 1.097583754759887250e-03 1.054421257211887904e-03
3.419999999999999929e+00 1.147020986201984557e-03 1.092370829048119494e-03 1.026687374908090335e-03
3.430000000000000160e+00 1.141569178755511092e-03 1.087182952134376455e-03 9.996831711657956383e-04
3.439999999999999947e+00 1.136143694100649184e-03 1.082019994692121675e-03 9.733894461645590341e-04
3.450000000000000178e+00 1.130744392475907826e-03 1.076881828336369133e-03 9.477875053018203081e-04
3.459999999999999964e+00 1.125371135247365617e-03 1.071768325609031127e-03 9.228591458985924102e-04
3.470000000000000195e+00 1.120023784888882342e-03 1.066679359964654719e-03 8.985866442549764535e-04
3.479999999999999982e+00 1.114702204962851996e-03 1.061614805756528127e-03 8.749527430463002915e-04
3.490000000000000213e+00 1.109406260101486637e-03 1.056574538223154641e-03 8.519406390509167088e-04
3.500000000000000000e+00 1.104135815988606557e-03 1.051558433475073724e-03 8.295339712009330716e-04
3.510000000000000231e+00 1.098890739341930062e-03 1.046566368482028820e-03 8.077168089473771729e-04
3.520000000000000018e+00 1.093670897895840073e-03 1.041598221060459784e-03 7.864736409315221466e-04
3.530000000000000249e+00 1.088476160384618894e-03 1.036653869861324474e-03 7.657893639543163471e-04
3.540000000000000036e+00 1.083306396526132484e-03 1.031733194358222614e-03 7.456492722360725817e-04
3.550000000000000266e+00 1.078161477005953406e-03 1.026836074835831263e-03 7.260390469587801182e-04
3.560000000000000053e+00 1.073041273461907688e-03 1.021962392378623907e-03 7.069447460835998889e-04
3.570000000000000284e+00 1.067945658469033254e-03 1.017112028859879251e-03 6.883527944363052996e-04
3.580000000000000071e+00 1.062874505524935391e-03 1.012284866930967132e-03 6.702499740536144992e-04
3.589999999999999858e+00 1.057827689035530138e-03 1.007480790010896162e-03 6.526234147835517597e-04
3.600000000000000089e+00 1.052805084301164981e-03 1.002699682276123093e-03 6.354605851331505007e-04
3.609999999999999876e+00 1.047806567503098418e-03 9.979414286506174073e-04 6.187492833569926357e-04
3.620000000000000107e+00 1.042832015690334712e-03 9.932059147961646434e-04 6.024776287802432843e-04
3.629999999999999893e+00 1.037881306766800377e-03 9.884930271029078192e-04 5.866340533500140168e-04
3.640000000000000124e+00 1.032954319478852651e-03 9.838026526801219550e-04 5.712072934090426215e-04
3.649999999999999911e+00 1.028050933403107164e-03 9.791346793472080392e-04 5.561863816858437018e-04
3.660000000000000142e+00 1.023171028934580012e-03 9.744889956249029681e-04 5.415606394956283933e-04
3.669999999999999929e+00 1.018314487275129949e-03 9.698654907267017719e-04 5.273196691464526005e-04
3.680000000000000160e+00 1.013481190422196778e-03 9.652640545504820443e-04 5.134533465451882484e-04
3.689999999999999947e+00 1.008671021157820985e-03 9.606845776703266731e-04 4.999518139980642633e-04
3.700000000000000178e+00 1.003883863037940928e-03 9.561269513285363059e-04 4.868054732006529633e-04
3.709999999999999964e+00 9.991196003819578265e-04 9.515910674278311174e-04 4.740049784123197881e-04
3.720000000000000195e+00 9.943781182625583553e-04 9.470768185237300610e-04 4.615412298102804429e-04
3.729999999999999982e+00 9.896593024957928923e-04 9.425840978171079292e-04 4.494053670185409362e-04
3.740000000000000213e+00 9.849630396313935939e-04 9.381127991469207904e-04 4.375887628071170447e-04
3.750000000000000000e+00 9.802892169433335967e-04 9.336628169830966592e-04 4.260830169570536605e-04
3.760000000000000231e+00 9.756377224206107561e-04 9.292340464195883616e-04 4.148799502868803237e-04
3.770000000000000018e+00 9.710084447582625379e-04 9.248263831675795996e-04 4.039715988362551453e-04
3.780000000000000249e+00 9.664012733485882094e-04 9.204397235488428032e-04 3.933502082026607257e-04
3.790000000000000036e+00 9.618160982725874365e-04 9.160739644892449763e-04 3.830082280271257761e-04
3.800000000000000266e+00 9.572528102916004348e-04 9.117290035123941632e-04 3.729383066250483900e-04
3.810000000000000053e+00 9.527113008391454446e-04 9.074047387334249109e-04 3.631332857583054402e-04
3.820000000000000284e+00 9.481914620129486531e-04 9.031010688529180624e-04 3.535861955449292335e-04
3.830000000000000071e+00 9.436931865671605978e-04 8.988178931509505478e-04 3.442902495027301340e-04
3.839999999999999858e+00 9.392163679047518983e-04 8.945551114812721333e-04 3.352388397233433954e-04
3.850000000000000089e+00 9.347609000700864710e-04 8.903126242656049039e-04 3.264255321732651241e-04
3.859999999999999876e+00 9.303266777416626873e-04 8.860903324880616818e-04 3.178440621185378134e-04
3.870000000000000107e+00 9.259135962250216074e-04 8.818881376896816476e-04 3.094883296698313800e-04
3.879999999999999893e+00 9.215215514458140493e-04 8.777059419630770919e-04 3.013523954447499273e-04
3.890000000000000124e+00 9.171504399430239996e-04 8.735436479471905390e-04 2.934304763442829346e-04
3.899999999999999911e+00 9.128001588623433802e-04 8.694011588221582307e-04 2.857169414403930774e-04
3.910000000000000142e+00 9.084706059496936142e-04 8.652783783042754164e-04 2.782063079718202184e-04
3.919999999999999929e+00 9.041616795448885729e-04 8.611752106410643180e-04 2.708932374452503885e-04
3.930000000000000160e+00 8.998732785754364090e-04 8.570915606064376116e-04 2.637725318390802165e-04
3.939999999999999947e+00 8.956053025504759390e-04 8.530273334959574292e-04 2.568391299070750858e-04
3.950000000000000178e+00 8.913576515548426961e-04 8.489824351221858653e-04 2.500881035792929105e-04
3.959999999999999964e+00 8.871302262432624857e-04 8.449567718101262323e-04 2.435146544577148958e-04
3.970000000000000195e+00 8.829229278346665882e-04 8.409502503927495341e-04 2.371141104040896724e-04
3.979999999999999982e+00 8.787356581066281752e-04 8.369627782066064829e-04 2.308819222175654434e-04
3.990000000000000213e+00 8.745683193899122425e-04 8.329942630875214818e-04 2.248136603997472885e-04
4.000000000000000000e+00 8.704208145631403592e-04 8.290446133663664048e-04 2.189050120048784609e-04
4.009999999999999787e+00 8.662930470475638375e-04 8.251137378649118972e-04 2.131517775729063920e-04
4.020000000000000462e+00 8.621849208019431547e-04 8.212015458917535943e-04 2.075498681432523149e-04
4.030000000000000249e+00 8.580963403175302651e-04 8.173079472383133672e-04 2.020953023471600397e-04
4.040000000000000036e+00 8.540272106131526104e-04 8.134328521749101737e-04 1.967842035765574450e-04
4.049999999999999822e+00 8.499774372303927576e-04 8.095761714469012745e-04 1.916127972274165366e-04
4.060000000000000497e+00 8.459469262288640953e-04 8.057378162708904532e-04 1.865774080156511314e-04
4.070000000000000284e+00 8.419355841815776053e-04 8.019176983310023722e-04 1.816744573636449992e-04
4.080000000000000071e+00 8.379433181703982957e-04 7.981157297752203544e-04 1.769004608555504077e-04
4.089999999999999858e+00 8.339700357815893472e-04 7.943318232117866154e-04 1.722520257595481032e-04
4.099999999999999645e+00 8.300156451014399596e-04 7.905658917056623434e-04 1.677258486153066852e-04
4.110000000000000320e+00 8.260800547119745126e-04 7.868178487750477354e-04 1.633187128849254862e-04
4.120000000000000107e+00 8.221631736867432601e-04 7.830876083879580868e-04 1.590274866656906099e-04
4.129999999999999893e+00 8.182649115866891341e-04 7.793750849588557171e-04 1.548491204630174714e-04
4.139999999999999680e+00 8.143851784560912025e-04 7.756801933453375160e-04 1.507806450219962267e-04
4.150000000000000355e+00 8.105238848185803346e-04 7.720028488448727952e-04 1.468191692159978676e-04
4.160000000000000142e+00 8.066809416732263153e-04 7.683429671915955684e-04 1.429618779908394986e-04
4.169999999999999929e+00 8.028562604906956494e-04 7.647004645531435595e-04 1.392060303630468564e-04
4.179999999999999716e+00 7.990497532094749606e-04 7.610752575275486027e-04 1.355489574707905700e-04
4.190000000000000391e+00 7.952613322321607425e-04 7.574672631401730121e-04 1.319880606761098451e-04
4.200000000000000178e+00 7.914909104218142716e-04 7.538763988406927893e-04 1.285208097170746091e-04
4.209999999999999964e+00 7.877384010983755000e-04 7.503025825001251748e-04 1.251447409085710606e-04
4.219999999999999751e+00 7.840037180351403737e-04 7.467457324079008682e-04 1.218574553904322276e-04
4.230000000000000426e+00 7.802867754552956147e-04 7.432057672689782075e-04 1.186566174216669312e-04
4.240000000000000213e+00 7.765874880285100973e-04 7.396826062009994153e-04 1.155399527195740962e-04
4.250000000000000000e+00 7.729057708675835794e-04 7.361761687314869601e-04 1.125052468425620370e-04
4.259999999999999787e+00 7.692415395251472584e-04 7.326863747950801420e-04 1.095503436155218120e-04
4.270000000000000462e+00 7.655947099904197297e-04 7.292131447308094084e-04 1.066731435966353556e-04
4.280000000000000249e+00 7.619651986860117351e-04 7.257563992794085084e-04 1.038716025845278168e-04
4.290000000000000036e+00 7.583529224647826261e-04 7.223160595806634018e-04 1.011437301647027790e-04
4.299999999999999822e+00 7.547577986067445337e-04 7.188920471707969462e-04 9.848758829422635654e-05
4.310000000000000497e+00 7.511797448160144591e-04 7.154842839798879542e-04 9.590128992365390718e-05
4.320000000000000284e+00 7.476186792178124429e-04 7.120926923293244021e-04 9.338299765521913321e-05
4.330000000000000071e+00 7.440745203555035369e-04 7.087171949292900329e-04 9.093092243633166261e-05
4.339999999999999858e+00 7.405471871876858530e-04 7.053577148762826170e-04 8.854332228745359699e-05
4.350000000000000533e+00 7.370365990853185124e-04 7.020141756506646314e-04 8.621850106345085591e-05
4.360000000000000320e+00 7.335426758288939378e-04 6.986865011142435371e-04 8.395480724753805071e-05
4.370000000000000107e+00 7.300653376056480924e-04 6.953746155078833905e-04 8.175063277695937905e-05
4.379999999999999893e+00 7.266045050068113773e-04 6.920784434491448599e-04 7.960441189957043326e-05
4.389999999999999680e+00 7.231600990248984511e-04 6.887979099299541916e-04 7.751462006050785232e-05
4.400000000000000355e+00 7.197320410510346959e-04 6.855329403142997133e-04 7.547977281815502451e-05
4.410000000000000142e+00 7.163202528723191121e-04 6.822834603359563110e-04 7.349842478863272913e-05
4.419999999999999929e+00 7.129246566692238598e-04 6.790493960962362512e-04 7.156916861806454416e-05
4.429999999999999716e+00 7.095451750130278437e-04 6.758306740617650490e-04 6.969063398188584757e-05
4.440000000000000391e+00 7.061817308632835832e-04 6.726272210622847659e-04 6.786148661048487744e-05
4.450000000000000178e+00 7.028342475653185598e-04 6.694389642884805095e-04 6.608042734048295082e-05
4.459999999999999964e+00 6.995026488477675735e-04 6.662658312898319789e-04 6.434619119097892556e-05
4.469999999999999751e+00 6.961868588201375156e-04 6.631077499724884281e-04 6.265754646410163738e-05
4.480000000000000426e+00 6.928868019704016333e-04 6.599646485971662896e-04 6.101329386922977254e-05
4.490000000000000213e+00 6.896024031626252345e-04 6.568364557770713010e-04 5.941226567025732492e-05
4.500000000000000000e+00 6.863335876346195836e-04 6.537231004758409063e-04 5.785332485529738286e-05
4.509999999999999787e+00 6.830802809956245270e-04 6.506245120055094248e-04 5.633536432823439222e-05
4.520000000000000462e+00 6.798424092240192007e-04 6.475406200244931704e-04 5.485730612154967228e-05
4.530000000000000249e+00 6.766198986650600591e-04 6.444713545355988801e-04 5.341810062986050570e-05
4.540000000000000036e+00 6.734126760286448165e-04 6.414166458840495988e-04 5.201672586362769278e-05
4.549999999999999822e+00 6.702206683871037105e-04 6.383764247555319231e-04 5.065218672250094804e-05
4.560000000000000497e+00 6.670438031730142924e-04 6.353506221742630852e-04 4.932351428778521850e-05
4.570000000000000284e+00 6.638820081770423469e-04 6.323391695010756016e-04 4.802976513352498944e-05
4.580000000000000071e+00 6.607352115458074238e-04 6.293419984315225214e-04 4.677002065571649113e-05
4.589999999999999858e+00 6.576033417797696188e-04 6.263590409939990460e-04 4.554338641917082538e-05
4.600000000000000533e+00 6.544863277311427016e-04 6.233902295478831223e-04 4.434899152156366160e-05
4.610000000000000320e+00 6.513840986018275183e-04 6.204354967816940337e-04 4.318598797421901748e-05
4.620000000000000107e+00 6.482965839413684867e-04 6.174947757112667123e-04 4.205355009918709385e-05
4.629999999999999893e+00 6.452237136449318847e-04 6.145679996779442652e-04 4.095087394218708426e-05
4.639999999999999680e+00 6.421654179513047386e-04 6.116551023467858969e-04 3.987717670099774441e-05
4.650000000000000355e+00 6.391216274409143106e-04 6.087560177047920702e-04 3.883169616888905093e-05
4.660000000000000142e+00 6.360922730338685119e-04 6.058706800591447377e-04 3.781369019269925635e-05
4.669999999999999929e+00 6.330772859880164820e-04 6.029990240354641618e-04 3.682243614517194700e-05
4.679999999999999716e+00 6.300765978970268404e-04 6.001409845760793949e-04 3.585723041117777339e-05
4.690000000000000391e+00 6.270901406884867545e-04 5.972964969383150234e-04 3.491738788745573448e-05
4.700000000000000178e+00 6.241178466220187893e-04 5.944654966927918980e-04 3.400224149551786892e-05
4.709999999999999964e+00 6.211596482874154291e-04 5.916479197217433669e-04 3.311114170737140475e-05
4.719999999999999751e+00 6.182154786027933314e-04 5.888437022173443041e-04 3.224345608372075362e-05
4.730000000000000426e+00 6.152852708127627603e-04 5.860527806800546651e-04 3.139856882432112792e-05
4.740000000000000213e+00 6.123689584866157760e-04 5.832750919169768121e-04 3.057588033016401543e-05
4.750000000000000000e+00 6.094664755165301456e-04 5.805105730402266087e-04 2.977480677718302376e-05
4.759999999999999787e+00 6.065777561157910348e-04 5.777591614653160073e-04 2.899477970117717192e-05
4.770000000000000462e+00 6.037027348170270107e-04 5.750207949095513570e-04 2.823524559365627181e-05
4.780000000000000249e+00 6.008413464704636092e-04 5.722954113904411442e-04 2.749566550832106937e-05
4.790000000000000036e+00 5.979935262421913218e-04 5.695829492241185872e-04 2.677551467789828892e-05
4.799999999999999822e+00 5.951592096124495206e-04 5.668833470237768070e-04 2.607428214105814106e-05
4.810000000000000497e+00 5.923383323739241525e-04 5.641965436981136476e-04 2.539147037914890175e-05
4.820000000000000284e+00 5.895308306300616960e-04 5.615224784497903745e-04 2.472659496249029896e-05
4.830000000000000071e+00 5.867366407933961294e-04 5.588610907739020818e-04 2.407918420597418528e-05
4.839999999999999858e+00 5.839556995838905348e-04 5.562123204564577497e-04 2.344877883372750436e-05
4.850000000000000533e+00 5.811879440272929055e-04 5.535761075728741791e-04 2.283493165259923658e-05
4.860000000000000320e+00 5.784333114535042050e-04 5.509523924864789248e-04 2.223720723423893198e-05
4.870000000000000107e+00 5.756917394949622553e-04 5.483411158470254815e-04 2.165518160554092696e-05
4.879999999999999893e+00 5.729631660850355995e-04 5.457422185892180089e-04 2.108844194723400576e-05
4.889999999999999680e+00 5.702475294564333030e-04 5.431556419312483100e-04 2.053658630040222110e-05
4.900000000000000355e+00 5.675447681396248367e-04 5.405813273733414822e-04 1.999922328072814134e-05
4.910000000000000142e+00 5.648548209612744894e-04 5.380192166963136029e-04 1.947597180025533443e-05
4.919999999999999929e+00 5.621776270426860796e-04 5.354692519601381975e-04 1.896646079647223198e-05
4.929999999999999716e+00 5.595131257982614370e-04 5.329313755025225736e-04 1.847032896852470732e-05
4.940000000000000391e+00 5.568612569339699428e-04 5.304055299374960813e-04 1.798722452036974632e-05
4.950000000000000178e+00 5.542219604458292368e-04 5.278916581540053126e-04 1.751680491068769585e-05
4.959999999999999964e+00 5.515951766183979600e-04 5.253897033145204674e-04 1.705873660937505345e-05
4.969999999999999751e+00 5.489808460232799888e-04 5.228996088536506113e-04 1.661269486044479371e-05
4.980000000000000426e+00 5.463789095176387533e-04 5.204213184767693401e-04 1.617836345116557679e-05
4.990000000000000213e+00 5.437893082427233725e-04 5.179547761586472763e-04 1.575543448727561289e-05
