0.000000000000000000e+00 0.000000000000000000e+00 2.000000000000000000e+00 9.000000000000000000e+00
1.000000000000000021e-02 1.893962199525004997e-01 1.981211529259978787e+00 8.765071067888497325e+00
2.000000000000000042e-02 3.591126923979804375e-01 1.965232465844144683e+00 8.539799366150475635e+00
2.999999999999999889e-02 5.113130335587821040e-01 1.952524311036854421e+00 8.323523709426021711e+00
4.000000000000000083e-02 6.479922823328125858e-01 1.943417123899098264e+00 8.115664923054310975e+00
5.000000000000000278e-02 7.709818181660048619e-01 1.938137269023756160e+00 7.915717667669996516e+00
5.999999999999999778e-02 8.819562104471950770e-01 1.936830315252696000e+00 7.723242290923930220e+00
7.000000000000000666e-02 9.824413918041257077e-01 1.939579845504873612e+00 7.537857097200275192e+00
8.000000000000000167e-02 1.073823672687611142e+00 1.946422832626852228e+00 7.359231257218474376e+00
8.999999999999999667e-02 1.157359218158015901e+00 1.957362140284477636e+00 7.187078463833186603e+00
1.000000000000000056e-01 1.234183692866655635e+00 1.972376623068605950e+00 7.021151363799454259e+00
1.100000000000000006e-01 1.305321849675368906e+00 1.991429226289283649e+00 6.861236746752934046e+00
1.199999999999999956e-01 1.371696893697329722e+00 2.014473422649949441e+00 6.707151443881633313e+00
1.300000000000000044e-01 1.434139498958456382e+00 2.041458269026864336e+00 6.558738873589742724e+00
1.400000000000000133e-01 1.493396391239679044e+00 2.072332320729321165e+00 6.415866165380923469e+00
1.499999999999999944e-01 1.550138439543300217e+00 2.107046601725618640e+00 6.278421792980630300e+00
1.600000000000000033e-01 1.604968221353892055e+00 2.145556796340202244e+00 6.146313651082023988e+00
1.700000000000000122e-01 1.658427044538565376e+00 2.187824799943857368e+00 6.019467515444952177e+00
1.799999999999999933e-01 1.711001422270494121e+00 2.233819742390140028e+00 5.897825832321665018e+00
1.900000000000000022e-01 1.763129007525100489e+00 2.283518577738239408e+00 5.781346789614913106e+00
2.000000000000000111e-01 1.815204001122221467e+00 2.336906316592815891e+00 5.670003628343844859e+00
2.099999999999999922e-01 1.867582052493572453e+00 2.393975962723187134e+00 5.563784158633237276e+00
2.200000000000000011e-01 1.920584675776594752e+00 2.454728203111186779e+00 5.462690449407576310e+00
2.300000000000000100e-01 1.974503205832097041e+00 2.519170889895718357e+00 5.366738665200489145e+00
2.399999999999999911e-01 2.029602319650460007e+00 2.587318343561562983e+00 5.275959026970010513e+00
2.500000000000000000e-01 2.086123148594216659e+00 2.659190498933458269e+00 5.190395876558500099e+00
2.600000000000000089e-01 2.144286006225256447e+00 2.734811908894725363e+00 5.110107826485844384e+00
2.700000000000000178e-01 2.204292755248781432e+00 2.814210615096336188e+00 5.035167978154030166e+00
2.800000000000000266e-01 2.266328835510304174e+00 2.897416890129948186e+00 4.965664192308151925e+00
2.899999999999999800e-01 2.330564973119443994e+00 2.984461851606185157e+00 4.901699395777322721e+00
2.999999999999999889e-01 2.397158588738850682e+00 3.075375945231182850e+00 4.843391908136815083e+00
3.099999999999999978e-01 2.466254920947065887e+00 3.170187291257383411e+00 4.790875771012287565e+00
3.200000000000000067e-01 2.537987878428004329e+00 3.268919886569060296e+00 4.744301061305447931e+00
3.300000000000000155e-01 2.612480632616125842e+00 3.371591653141921885e+00 4.703834167671558930e+00
3.400000000000000244e-01 2.689845960389443569e+00 3.478212322705092063e+00 4.669658007135785383e+00
3.500000000000000333e-01 2.770186344503662301e+00 3.588781147171310693e+00 4.641972155812613465e+00
3.599999999999999867e-01 2.853593837751451368e+00 3.703284424849182077e+00 4.620992864312024828e+00
3.699999999999999956e-01 2.940149695364491667e+00 3.821692833694475766e+00 4.606952924610285827e+00
3.800000000000000044e-01 3.029923779010225804e+00 3.943958565003538919e+00 4.600101350981761428e+00
3.900000000000000133e-01 3.122973734933441214e+00 4.070012254129805385e+00 4.600702833104049816e+00
4.000000000000000222e-01 3.219343948425617441e+00 4.199759709162390386e+00 4.609036914766194926e+00
4.100000000000000311e-01 3.319064276951054993e+00 4.333078444207191460e+00 4.625396846873100820e+00
4.199999999999999845e-01 3.422148565005508125e+00 4.469814031128125364e+00 4.650088058841483907e+00
4.299999999999999933e-01 3.528592945225819122e+00 4.609776292511631013e+00 4.683426188276586188e+00
4.400000000000000022e-01 3.638373932510227338e+00 4.752735369371187346e+00 4.725734605325366822e+00
4.500000000000000111e-01 3.751446321055130095e+00 4.898417709841460521e+00 4.777341365720617183e+00
4.600000000000000200e-01 3.867740898371747171e+00 5.046502039903846715e+00 4.838575525745404171e+00
4.700000000000000289e-01 3.987161995615885690e+00 5.196615394039077351e+00 4.909762753731522267e+00
4.799999999999999822e-01 4.109584900032067445e+00 5.348329302510344441e+00 4.991220176918846896e+00
4.899999999999999911e-01 4.234853163040450674e+00 5.501156252485673193e+00 5.083250410281313414e+00
5.000000000000000000e-01 4.362775846503041066e+00 5.654546561964052920e+00 5.186134726063163392e+00
5.100000000000000089e-01 4.493124759960815062e+00 5.807885827793485944e+00 5.300125340081796921e+00
5.200000000000000178e-01 4.625631753026766546e+00 5.960493130999244826e+00 5.425436814128078211e+00
5.300000000000000266e-01 4.759986139446537479e+00 6.111620202898715881e+00 5.562236603718694106e+00
5.400000000000000355e-01 4.895832342274755611e+00 6.260451772445247087e+00 5.710634817523143170e+00
5.500000000000000444e-01 5.032767862697697936e+00 6.406107326952056980e+00 5.870673299189772543e+00
5.600000000000000533e-01 5.170341687639072425e+00 6.547644522515449594e+00 6.042314193781096243e+00
5.700000000000000622e-01 5.308053262622646429e+00 6.684064474555155400e+00 6.225428218765428845e+00
5.799999999999999600e-01 5.445352165467541639e+00 6.814319140266431596e+00 6.419782921936221243e+00
5.899999999999999689e-01 5.581638622134874161e+00 6.937320970847102863e+00 6.625031273318945146e+00
5.999999999999999778e-01 5.716265007177484314e+00 7.051954959855358140e+00 6.840701001702613304e+00
6.099999999999999867e-01 5.848538466448589546e+00 7.157093143341548114e+00 7.066185144546218488e+00
6.199999999999999956e-01 5.977724787697362707e+00 7.251611516857541240e+00 7.300734327401345425e+00
6.300000000000000044e-01 6.103053624245922570e+00 7.334409224859236076e+00 7.543451319695959612e+00
6.400000000000000133e-01 6.223725147198607921e+00 7.404429751935455606e+00 7.793288421419567236e+00
6.500000000000000222e-01 6.338918162103400533e+00 7.460683707347498306e+00 8.049048213770218396e+00
6.600000000000000311e-01 6.447799676782958400e+00 7.502272651404287451e+00 8.309388150822400121e+00
6.700000000000000400e-01 6.549535849042893432e+00 7.528413273252126281e+00 8.572829375000813101e+00
6.800000000000000488e-01 6.643304177880000161e+00 7.538461105574308263e+00 8.837770005265248585e+00
6.900000000000000577e-01 6.728306732316197802e+00 7.531932864485451518e+00 9.102502975271848484e+00
7.000000000000000666e-01 6.803784141644804606e+00 7.508526444753401030e+00 9.365238294976411026e+00
7.099999999999999645e-01 6.869030004042531168e+00 7.468137592484885623e+00 9.624129382793833898e+00
7.199999999999999734e-01 6.923405312053416694e+00 7.410872328153867095e+00 9.877302879946322278e+00
7.299999999999999822e-01 6.966352448443188017e+00 7.337054306986148688e+00 1.012289113053646439e+01
7.399999999999999911e-01 6.997408279128993769e+00 7.247226480761197465e+00 1.035906630851460974e+01
7.500000000000000000e-01 7.016215865304017640e+00 7.142146658682421823e+00 1.058407501451999444e+01
7.600000000000000089e-01 7.022534337213778954e+00 7.022776842719628654e+00 1.079627206808891238e+01
7.700000000000000178e-01 7.016246518311111124e+00 6.890266516988527989e+00 1.099415219648754416e+01
7.800000000000000266e-01 6.997363959738792438e+00 6.745930379588997106e+00 1.117637837721206573e+01
7.900000000000000355e-01 6.966029138198622128e+00 6.591221295270781155e+00 1.134180572676799414e+01
8.000000000000000444e-01 6.922514680252415786e+00 6.427699495313993872e+00 1.148950003602751657e+01
8.100000000000000533e-01 6.867219596371799462e+00 6.256999237224022181e+00 1.161875031767607425e+01
8.200000000000000622e-01 6.800662630998482783e+00 6.080794246763775668e+00 1.172907503389826722e+01
8.300000000000000711e-01 6.723472952559227167e+00 5.900763291007744549e+00 1.182022198905189114e+01
8.399999999999999689e-01 6.636378512280964870e+00 5.718557173770711266e+00 1.189216217837732970e+01
8.499999999999999778e-01 6.540192486361844360e+00 5.535768311700802080e+00 1.194507815734948331e+01
8.599999999999999867e-01 6.435798277830779845e+00 5.353903854622151570e+00 1.197934771877821447e+01
8.699999999999999956e-01 6.324133589553793122e+00 5.174363075917422172e+00 1.199552382364892544e+01
8.800000000000000044e-01 6.206174087751119117e+00 4.998419498600543243e+00 1.199431182101979765e+01
8.900000000000000133e-01 6.082917157546094522e+00 4.827207960873208137e+00 1.197654501268131533e+01
9.000000000000000222e-01 5.955366211679637978e+00 4.661716579848738995e+00 1.194315957613394197e+01
9.100000000000000311e-01 5.824515955079590412e+00 4.502783358526298407e+00 1.189516976555399275e+01
9.200000000000000400e-01 5.691338936719118280e+00 4.351097009165559193e+00 1.183364417833072224e+01
9.300000000000000488e-01 5.556773641611568060e+00 4.207201441251006813e+00 1.175968371901920406e+01
9.400000000000000577e-01 5.421714295109059556e+00 4.071503285016285112e+00 1.167440172719420133e+01
9.500000000000000666e-01 5.287002473521372536e+00 3.944281789001852001e+00 1.157890657302295168e+01
9.599999999999999645e-01 5.153420543201961301e+00 3.825700436525805159e+00 1.147428687421489890e+01
9.699999999999999734e-01 5.021686887408183253e+00 3.715819663712990994e+00 1.136159935730939097e+01
9.799999999999999822e-01 4.892452828160191558e+00 3.614610122587688767e+00 1.124185927913164029e+01
9.899999999999999911e-01 4.766301109774089717e+00 3.521966008552911642e+00 1.111603324221975519e+01
1.000000000000000000e+00 4.643745781690737040e+00 3.437718054975555493e+00 1.098503418053786795e+01
1.010000000000000009e+00 4.525233299978286716e+00 3.361645882353128112e+00 1.084971825672671741e+01
1.020000000000000018e+00 4.411144658308596256e+00 3.293489470792827500e+00 1.071088339638555453e+01
1.030000000000000027e+00 4.301798358862960470e+00 3.232959598805064783e+00 1.056926918480357003e+01
1.040000000000000036e+00 4.197454039946830306e+00 3.179747156497095606e+00 1.042555786343960911e+01
1.050000000000000044e+00 4.098316588516169645e+00 3.133531296041784486e+00 1.028037618376030693e+01
1.060000000000000053e+00 4.004540580857819165e+00 3.093986426564850678e+00 1.013429790166352262e+01
1.070000000000000062e+00 3.916234911993682566e+00 3.060788094768059686e+00 9.987846724018961453e+00
1.080000000000000071e+00 3.833467492854872205e+00 3.033617817557602514e+00 9.841499547780108159e+00
1.090000000000000080e+00 3.756269912963627000e+00 3.012166949812195682e+00 9.695689860117894909e+00
1.100000000000000089e+00 3.684641984538116866e+00 2.996139680459182220e+00 9.550811194031009421e+00
1.110000000000000098e+00 3.618556101058420627e+00 2.985255254493714094e+00 9.407220557240131953e+00
1.120000000000000107e+00 3.557961359030272774e+00 2.979249518673352526e+00 9.265241772539562604e+00
1.130000000000000115e+00 3.502787405729808512e+00 2.977875885430691483e+00 9.125168685076394226e+00
1.140000000000000124e+00 3.452947987998545187e+00 2.980905804011121596e+00 8.987268206349714461e+00
1.150000000000000133e+00 3.408344187667048164e+00 2.988128820753135351e+00 8.851783176285829668e+00
1.159999999999999920e+00 3.368867337971661158e+00 2.999352302429302508e+00 8.718935033835713000e+00
1.169999999999999929e+00 3.334401622494298500e+00 3.014400888165885473e+00 8.588926293476564666e+00
1.179999999999999938e+00 3.304826363836468328e+00 3.033115727045901266e+00 8.461942830104595359e+00
1.189999999999999947e+00 3.280018013589742765e+00 3.055353550358610448e+00 8.338155978391004197e+00
1.199999999999999956e+00 3.259851858348609355e+00 3.080985619785941765e+00 8.217724455021544472e+00
1.209999999999999964e+00 3.244203458690340103e+00 3.109896585741673380e+00 8.100796113604584292e+00
1.219999999999999973e+00 3.232949839376729972e+00 3.141983283675801708e+00 7.987509542629140924e+00
1.229999999999999982e+00 3.225970449660706230e+00 3.177153490456166907e+00 7.877995516865449410e+00
1.239999999999999991e+00 3.223147912640909052e+00 3.215324657943166020e+00 7.772378312175568738e+00
1.250000000000000000e+00 3.224368582219482082e+00 3.256422636560444950e+00 7.670776892960130766e+00
1.260000000000000009e+00 3.229522925488710339e+00 3.300380398000042792e+00 7.573305980504110302e+00
1.270000000000000018e+00 3.238505747392801837e+00 3.347136763141072890e+00 7.480077009372296359e+00
1.280000000000000027e+00 3.251216273361249076e+00 3.396635138759239059e+00 7.391198977798794090e+00
1.290000000000000036e+00 3.267558104356690141e+00 3.448822264612400712e+00 7.306779196755244676e+00
1.300000000000000044e+00 3.287439057479162319e+00 3.503646970958686602e+00 7.226923941099320459e+00
1.310000000000000053e+00 3.310770903966641310e+00 3.561058945455752855e+00 7.151739004919970277e+00
1.320000000000000062e+00 3.337469015167005004e+00 3.621007507664551817e+00 7.081330161925009747e+00
1.330000000000000071e+00 3.367451925860316386e+00 3.683440389005653515e+00 7.015803530472186189e+00
1.340000000000000080e+00 3.400640823208012087e+00 3.748302515963325199e+00 6.955265841637850777e+00
1.350000000000000089e+00 3.436958968617796373e+00 3.815534794580183409e+00 6.899824607558168843e+00
1.360000000000000098e+00 3.476331058956686260e+00 3.885072894816257172e+00 6.849588186178515947e+00
1.370000000000000107e+00 3.518682532833476984e+00 3.956846034148089331e+00 6.804665737521394142e+00
1.380000000000000115e+00 3.563938827117418828e+00 4.030775760846909250e+00 6.765167065649667855e+00
1.390000000000000124e+00 3.612024588471794750e+00 4.106774738693464322e+00 6.731202339681967572e+00
1.400000000000000133e+00 3.662862844467482670e+00 4.184745536455602988e+00 6.702881686537790706e+00
1.409999999999999920e+00 3.716374138809487526e+00 4.264579427267868539e+00 6.680314647583502463e+00
1.419999999999999929e+00 3.772475635364473945e+00 4.346155205103150010e+00 6.663609491055547451e+00
1.429999999999999938e+00 3.831080196023884721e+00 4.429338027804329947e+00 6.652872372098263654e+00
1.439999999999999947e+00 3.892095437977896033e+00 4.513978298632464359e+00 6.648206332521001016e+00
1.449999999999999956e+00 3.955422776710789456e+00 4.599910600963077023e+00 6.649710133008673196e+00
1.459999999999999964e+00 4.020956461955864647e+00 4.686952703589078340e+00 6.657476911571476919e+00
1.469999999999999973e+00 4.088582614961808304e+00 4.774904657019827248e+00 6.671592663556523028e+00
1.479999999999999982e+00 4.158178276711719690e+00 4.863548004138022129e+00 6.692134540629918860e+00
1.489999999999999991e+00 4.229610478184169686e+00 4.952645131508244702e+00 6.719168968834043909e+00
1.500000000000000000e+00 4.302735345329200989e+00 5.041938790422208605e+00 6.752749589186422874e+00
1.510000000000000009e+00 4.377397253118864739e+00 5.131151819293465977e+00 6.792915028357935370e+00
1.520000000000000018e+00 4.453428044780176620e+00 5.219987101133765073e+00 6.839686511777054889e+00
1.530000000000000027e+00 4.530646334075510318e+00 5.308127791387866168e+00 6.893065337057783459e+00
1.540000000000000036e+00 4.608856910197145496e+00 5.395237852187071859e+00 6.953030231916756954e+00
1.550000000000000044e+00 4.687850266412004530e+00 5.480962928901830900e+00 7.019534627665720450e+00
1.560000000000000053e+00 4.767402274940331530e+00 5.564931603518589398e+00 7.092503886830606064e+00
1.570000000000000062e+00 4.847274031577126330e+00 5.646757056622883297e+00 7.171832531295712521e+00
1.580000000000000071e+00 4.927211894156143579e+00 5.726039165437373235e+00 7.257381525380759868e+00
1.590000000000000080e+00 5.006947738994511177e+00 5.802367059263141336e+00 7.348975676146919156e+00
1.600000000000000089e+00 5.086199458818897234e+00 5.875322145670413221e+00 7.446401220649419450e+00
1.610000000000000098e+00 5.164671724240921691e+00 5.944481610807402561e+00 7.549403676403414032e+00
1.620000000000000107e+00 5.242057028507586480e+00 6.009422385251532717e+00 7.657686036549651298e+00
1.630000000000000115e+00 5.318037031905602952e+00 6.069725553025987708e+00 7.770907394604334328e+00
1.640000000000000124e+00 5.392284217775761945e+00 6.124981165976988606e+00 7.888682084745323841e+00
1.650000000000000133e+00 5.464463866558974203e+00 6.174793409018743517e+00 8.010579421829657321e+00
1.660000000000000142e+00 5.534236347658755051e+00 6.218786044312013317e+00 8.136124120308034335e+00
1.669999999999999929e+00 5.601259721229202349e+00 6.256608044899691023e+00 8.264797462540062867e+00
1.679999999999999938e+00 5.665192633409123601e+00 6.287939311460181813e+00 8.396039274488435566e+00
1.689999999999999947e+00 5.725697479215669183e+00 6.312496350545163004e+00 8.529250750320988672e+00
1.699999999999999956e+00 5.782443797548109998e+00 6.330037779898856520e+00 8.663798147225895363e+00
1.709999999999999964e+00 5.835111852865348503e+00 6.340369517184931247e+00 8.799017348135080852e+00
1.719999999999999973e+00 5.883396348479140059e+00 6.343349503601475092e+00 8.934219263697036340e+00
1.729999999999999982e+00 5.927010207485585269e+00 6.338891814253480916e+00 9.068696016639925972e+00
1.739999999999999991e+00 5.965688349602828566e+00 6.326970013392474002e+00 9.201727822747747254e+00
1.750000000000000000e+00 5.999191386058604358e+00 6.307619625076967829e+00 9.332590454354150467e+00
1.760000000000000009e+00 6.027309150616666500e+00 6.280939608483095071e+00 9.460563145977811672e+00
1.770000000000000018e+00 6.049863983228788378e+00 6.247092751662203902e+00 9.584936778953808911e+00
1.780000000000000027e+00 6.066713683944318980e+00 6.206304927276593553e+00 9.705022164064917689e+00
1.790000000000000036e+00 6.077754058782094404e+00 6.158863187647691362e+00 9.820158229481556589e+00
1.800000000000000044e+00 6.082920986311782130e+00 6.105112712896715088e+00 9.929719916740015861e+00
1.810000000000000053e+00 6.082191943592888173e+00 6.045452663367593793e+00 1.003312559062164411e+01
1.820000000000000062e+00 6.075586942611569619e+00 5.980331024068599177e+00 1.012984377980555450e+01
1.830000000000000071e+00 6.063168843019481891e+00 5.910238562699025699e+00 1.021939908375280837e+01
1.840000000000000080e+00 6.045043023263979798e+00 5.835702052191878764e+00 1.030137710667688111e+01
1.850000000000000089e+00 6.021356409450192793e+00 5.757276932086484500e+00 1.037542831047719538e+01
1.860000000000000098e+00 5.992295878771829898e+00 5.675539599274026514e+00 1.044127071362939141e+01
1.870000000000000107e+00 5.958086071345285895e+00 5.591079526990288429e+00 1.049869140047000826e+01
1.880000000000000115e+00 5.918986660059935900e+00 5.504491411097512277e+00 1.054754684320568003e+01
1.890000000000000124e+00 5.875289141962289463e+00 5.416367534922396310e+00 1.058776207546186221e+01
1.900000000000000133e+00 5.827313226175032668e+00 5.327290528878507736e+00 1.061932878955870407e+01
1.910000000000000142e+00 5.775402902001938621e+00 5.237826679868199165e+00 1.064230245851897649e+01
1.919999999999999929e+00 5.719922276430486896e+00 5.148519919398498068e+00 1.065679860697893133e+01
1.929999999999999938e+00 5.661251272624667763e+00 5.059886590009950780e+00 1.066298837198859673e+01
1.939999999999999947e+00 5.599781280269884753e+00 4.972411058627504765e+00 1.066109350486904894e+01
1.949999999999999956e+00 5.535910845006030812e+00 4.886542214373430504e+00 1.065138096895225850e+01
1.959999999999999964e+00 5.470041478002104718e+00 4.802690858665411788e+00 1.063415728562664420e+01
1.969999999999999973e+00 5.402573658418958757e+00 4.721227968268292940e+00 1.060976277339230478e+01
1.979999999999999982e+00 5.333903091569324850e+00 4.642483788312797621e+00 1.057856581254024420e+01
1.989999999999999991e+00 5.264417274537771974e+00 4.566747692778064582e+00 1.054095725267017514e+01
2.000000000000000000e+00 5.194492409385886411e+00 4.494268734898180462e+00 1.049734506264682032e+01
2.010000000000000231e+00 5.124490692327433372e+00 4.425256799460556500e+00 1.044814930382031726e+01
2.020000000000000018e+00 5.054757995850109431e+00 4.359884262840857616e+00 1.039379748836116057e+01
2.030000000000000249e+00 4.985621950052415485e+00 4.298288064498918537e+00 1.033472036620319301e+01
2.040000000000000036e+00 4.917390419746998198e+00 4.240572095037093980e+00 1.027134816700560904e+01
2.049999999999999822e+00 4.850350365365782679e+00 4.186809810205121885e+00 1.020410730821846279e+01
2.060000000000000053e+00 4.784767068519324873e+00 4.137046986794293169e+00 1.013341756707954744e+01
2.069999999999999840e+00 4.720883697272277857e+00 4.091304544572294866e+00 1.005968970334153312e+01
2.080000000000000071e+00 4.658921181794244859e+00 4.049581367679684796e+00 9.983323510752065033e+00
2.089999999999999858e+00 4.599078367973497450e+00 4.011857068710686924e+00 9.904706268702923921e+00
2.100000000000000089e+00 4.541532414741377366e+00 3.978094648583039294e+00 9.824211560862865511e+00
2.109999999999999876e+00 4.486439400119662579e+00 3.948243014894638137e+00 9.742198424792446687e+00
2.120000000000000107e+00 4.433935101224726338e+00 3.922239330485034703e+00 9.659010795256143922e+00
2.129999999999999893e+00 4.384135914484939889e+00 3.900011172163331263e+00 9.574977203932482084e+00
2.140000000000000124e+00 4.337139883994386658e+00 3.881478486900054037e+00 9.490410699216266011e+00
2.149999999999999911e+00 4.293027808085255081e+00 3.866555339141370062e+00 9.405608951562760112e+00
2.160000000000000142e+00 4.251864396712403682e+00 3.855151448273909764e+00 9.320854512119872481e+00
2.169999999999999929e+00 4.213699454979720649e+00 3.847173519673258824e+00 9.236415195037990244e+00
2.180000000000000160e+00 4.178569070988362277e+00 3.842526376265196220e+00 9.152544556674994780e+00
2.189999999999999947e+00 4.146496789057914967e+00 3.841113900193883879e+00 9.069482447794065649e+00
2.200000000000000178e+00 4.117494752186400042e+00 3.842839796116512829e+00 8.987455617680671693e+00
2.209999999999999964e+00 4.091564800313395089e+00 3.847608188926925354e+00 8.906678351805718208e+00
2.220000000000000195e+00 4.068699513487127106e+00 3.855324069450195346e+00 8.827353127179872416e+00
2.229999999999999982e+00 4.048883191379571755e+00 3.865893601941919666e+00 8.749671271845459231e+00
2.240000000000000213e+00 4.032092762723565649e+00 3.879224307160030527e+00 8.673813617018183209e+00
2.250000000000000000e+00 4.018298620153004208e+00 3.895225134435622572e+00 8.599951132215922556e+00
2.260000000000000231e+00 4.007465377609966239e+00 3.913806435626106417e+00 8.528245535299834756e+00
2.270000000000000018e+00 3.999552548946465169e+00 3.934879853153115281e+00 8.458849870715550168e+00
2.280000000000000249e+00 3.994515147603828531e+00 3.958358133564074066e+00 8.391909050375538470e+00
2.290000000000000036e+00 3.992304208313840252e+00 3.984154877256135929e+00 8.327560352587648040e+00
2.300000000000000266e+00 3.992867232649527587e+00 4.012184234202232247e+00 8.265933875230990324e+00
2.310000000000000053e+00 3.996148560978447062e+00 4.042360554751430080e+00 8.207152940030939092e+00
2.319999999999999840e+00 4.002089673956721327e+00 4.074598003863216356e+00 8.151334445313176857e+00
2.330000000000000071e+00 4.010629427167367034e+00 4.108810146495211590e+00 8.098589165043904359e+00
2.339999999999999858e+00 4.021704222870562617e+00 4.144909511308708439e+00 8.049021992311404361e+00
2.350000000000000089e+00 4.035248123114632435e+00 4.182807139393966978e+00 8.002732125693230003e+00
2.359999999999999876e+00 4.051192908671434445e+00 4.222412124351763829e+00 7.959813197202731061e+00
2.370000000000000107e+00 4.069468088424428309e+00 4.263631149799611997e+00 7.920353340736729031e+00
2.379999999999999893e+00 4.090000863965564726e+00 4.306368030198474806e+00 7.884435200170020863e+00
2.390000000000000124e+00 4.112716054260988408e+00 4.350523260813503157e+00 7.852135876478135934e+00
2.399999999999999911e+00 4.137535985335670574e+00 4.395993582623500373e+00 7.823526813532661883e+00
2.410000000000000142e+00 4.164380350012489629e+00 4.442671568068878862e+00 7.798673622517429571e+00
2.419999999999999929e+00 4.193166042828729623e+00 4.490445233665376179e+00 7.777635845272118154e+00
2.430000000000000160e+00 4.223806975347779158e+00 4.539197685697461182e+00 7.760466657294218251e+00
2.439999999999999947e+00 4.256213877189010120e+00 4.588806805425402757e+00 7.747212511631360599e+00
2.450000000000000178e+00 4.290294088215924617e+00 4.639144980476122448e+00 7.737912725482802401e+00
2.459999999999999964e+00 4.325951347451095330e+00 4.690078889320590250e+00 7.732599012008490647e+00
2.470000000000000195e+00 4.363085584423679109e+00 4.741469345948237546e+00 7.731294960621482915e+00
2.479999999999999982e+00 4.401592718797224357e+00 4.793171212008456195e+00 7.734015469916726282e+00
2.490000000000000213e+00 4.441364474265652618e+00 4.845033383775691149e+00 7.740766138365432703e+00
2.500000000000000000e+00 4.482288212835846331e+00 4.896898861281892223e+00 7.751542618974601950e+00
2.510000000000000231e+00 4.524246795726243775e+00 4.948604906820811777e+00 7.766329945266742030e+00
2.520000000000000018e+00 4.567118477190787118e+00 4.999983299735539788e+00 7.785101837161553462e+00
2.530000000000000249e+00 4.610776837613469681e+00 5.050860693926689571e+00 7.807819996620079195e+00
2.540000000000000036e+00 4.655090762196329557e+00 5.101059083838112684e+00 7.834433404217459262e+00
2.550000000000000266e+00 4.699924471467713971e+00 5.150396383766970843e+00 7.864877629112084989e+00
2.560000000000000053e+00 4.745137609652342547e+00 5.198687124185885189e+00 7.899074166139212316e+00
2.569999999999999840e+00 4.790585396653999517e+00 5.245743267342914962e+00 7.936929814932939919e+00
2.580000000000000071e+00 4.836118848990325070e+00 5.291375142712823276e+00 7.978336117023277829e+00
2.589999999999999858e+00 4.881585074472900132e+00 5.335392500911737557e+00 8.023168867711376606e+00
2.600000000000000089e+00 4.926827644732147959e+00 5.377605682467954118e+00 8.071287720139430633e+00
2.609999999999999876e+00 4.971687048836259670e+00 5.417826895386887109e+00 8.122535899283750638e+00
2.620000000000000107e+00 5.016001230240198616e+00 5.455871592793121394e+00 8.176740043552245041e+00
2.629999999999999893e+00 5.059606208123722304e+00 5.491559939125815859e+00 8.233710191206034423e+00
2.640000000000000124e+00 5.102336782840330542e+00 5.524718350467767713e+00 8.293239927900184938e+00
2.649999999999999911e+00 5.144027323712279554e+00 5.555181091679051164e+00 8.355106710210824517e+00
2.660000000000000142e+00 5.184512635787617008e+00 5.582791910171726713e+00 8.419072378057540718e+00
2.669999999999999929e+00 5.223628900447902623e+00 5.607405683501299976e+00 8.484883866429706600e+00
2.680000000000000160e+00 5.261214682951854904e+00 5.628890055570047402e+00 8.552274123790349236e+00
2.689999999999999947e+00 5.297111998159794943e+00 5.647127034247600541e+00 8.620963240990199949e+00
2.700000000000000178e+00 5.331167423852676279e+00 5.662014521725276417e+00 8.690659790529878137e+00
2.709999999999999964e+00 5.363233249289268478e+00 5.673467748037166913e+00 8.761062371636473500e+00
2.720000000000000195e+00 5.393168644992510252e+00 5.681420577995841548e+00 8.831861351972181140e+00
2.729999999999999982e+00 5.420840838279981533e+00 5.685826662379758645e+00 8.902740791990613189e+00
2.740000000000000213e+00 5.446126277813634786e+00 5.686660405625957537e+00 8.973380533142913507e+00
2.750000000000000000e+00 5.468911769498064679e+00 5.683917724550186179e+00 9.043458426467605449e+00
2.760000000000000231e+00 5.489095565457671633e+00 5.677616575730163540e+00 9.112652673741489906e+00
2.770000000000000018e+00 5.506588387616725200e+00 5.667797233103541110e+00 9.180644249490585551e+00
2.780000000000000249e+00 5.521314367628113118e+00 5.654522301971843135e+00 9.247119368921582705e+00
2.790000000000000036e+00 5.533211885569193633e+00 5.637876460851210858e+00 9.311771964381808431e+00
2.800000000000000266e+00 5.542234290955138754e+00 5.617965928323787494e+00 9.374306131413129961e+00
2.810000000000000053e+00 5.548350491203533075e+00 5.594917658046225206e+00 9.434438504925457991e+00
2.819999999999999840e+00 5.551545394694066715e+00 5.568878271169825034e+00 9.491900526535946625e+00
2.830000000000000071e+00 5.551820197962681114e+00 5.540012741413957720e+00 9.546440565715373694e+00
2.839999999999999858e+00 5.549192509292894648e+00 5.508502853702236912e+00 9.597825860026219402e+00
2.850000000000000089e+00 5.543696303947037052e+00 5.474545462418723751e+00 9.645844243355321979e+00
2.859999999999999876e+00 5.535381709433803366e+00 5.438350579786400019e+00 9.690305635525580996e+00
2.870000000000000107e+00 5.524314622444653544e+00 5.400139328456935672e+00 9.731043271866393951e+00
2.879999999999999893e+00 5.510576162314474225e+00 5.360141795008559029e+00 9.767914657053692551e+00
2.890000000000000124e+00 5.494261968975640009e+00 5.318594822598085692e+00 9.800802233598487234e+00
2.899999999999999911e+00 5.475481356286509005e+00 5.275739781468540279e+00 9.829613761558821494e+00
2.910000000000000142e+00 5.454356334240936910e+00 5.231820355385277566e+00 9.854282412163808402e+00
2.919999999999999929e+00 5.431020515830751627e+00 5.187080380414983871e+00 9.874766583870334458e+00
2.930000000000000160e+00 5.405617926179006716e+00 5.141761769866864284e+00 9.891049454741612124e+00
2.939999999999999947e+00 5.378301732944705371e+00 5.096102555810949397e+00 9.903138289787765558e+00
2.950000000000000178e+00 5.349232917894064521e+00 5.050335073527938867e+00 9.911063525919702855e+00
2.959999999999999964e+00 5.318578909931276577e+00 5.004684310699036409e+00 9.914877660353621280e+00
2.970000000000000195e+00 5.286512199792928968e+00 4.959366438291578305e+00 9.914653970616182477e+00
2.979999999999999982e+00 5.253208956060512413e+00 4.914587535115503947e+00 9.910485095729777427e+00
2.990000000000000213e+00 5.218847661174737418e+00 4.870542513086335568e+00 9.902481508727101200e+00
3.000000000000000000e+00 5.183607784795341011e+00 4.827414245486763456e+00 9.890769910409748178e+00
3.010000000000000231e+00 5.147668510201073744e+00 4.785372896103851303e+00 9.875491573305803072e+00
3.020000000000000018e+00 5.111207527532710237e+00 4.744575443140704785e+00 9.856800663196279899e+00
3.030000000000000249e+00 5.074399905616067130e+00 4.705165388340967425e+00 9.834862563480136544e+00
3.040000000000000036e+00 5.037417051930707323e+00 4.667272638875282098e+00 9.809852225151082905e+00
3.050000000000000266e+00 5.000425768079293398e+00 4.631013547247651019e+00 9.781952562384056193e+00
3.060000000000000053e+00 4.963587405923186147e+00 4.596491092788580701e+00 9.751352910788678940e+00
3.070000000000000284e+00 4.927057127436325068e+00 4.563795187191994174e+00 9.718247562386300942e+00
3.080000000000000071e+00 4.890983269338063266e+00 4.533003085986774927e+00 9.682834388398484649e+00
3.089999999999999858e+00 4.855506811734162653e+00 4.504179887760939138e+00 9.645313558077541316e+00
3.100000000000000089e+00 4.820760948352446285e+00 4.477379103315799469e+00 9.605886359127072893e+00
3.109999999999999876e+00 4.786870754525734739e+00 4.452643277652636122e+00 9.564754122801202740e+00
3.120000000000000107e+00 4.753952947861097122e+00 4.430004648716272975e+00 9.522117254568849276e+00
3.129999999999999893e+00 4.722115735545207471e+00 4.409485828070050850e+00 9.478174369303971503e+00
3.140000000000000124e+00 4.691458741467823046e+00 4.391100490089728581e+00 9.433121528322237381e+00
3.149999999999999911e+00 4.662073005790595914e+00 4.374854057779701932e+00 9.387151574226697548e+00
3.160000000000000142e+00 4.634041049233441179e+00 4.360744374879590879e+00 9.340453558439019588e+00
3.169999999999999929e+00 4.607436994178778278e+00 4.348762355496509358e+00 9.293212255461488880e+00
3.180000000000000160e+00 4.582326734686189340e+00 4.338892604029169320e+00 9.245607757316641084e+00
3.189999999999999947e+00 4.558768147645512414e+00 4.331113999613447341e+00 9.197815141221218127e+00
3.200000000000000178e+00 4.536811337554097712e+00 4.325400240691402054e+00 9.150004203342883002e+00
3.209999999999999964e+00 4.516498907762553472e+00 4.321720346570155691e+00 9.102339251435424217e+00
3.220000000000000195e+00 4.497866251472453669e+00 4.320039113982936385e+00 9.054978949225091611e+00
3.229999999999999982e+00 4.480941856269947010e+00 4.320317527686459158e+00 9.008076205602844055e+00
3.240000000000000213e+00 4.465747616523179531e+00 4.322513125026050673e+00 8.961778101942494246e+00
3.250000000000000000e+00 4.452299148543143126e+00 4.326580315175277747e+00 8.916225851192876917e+00
3.260000000000000231e+00 4.440606103993015807e+00 4.332470654416019862e+00 8.871554782765766589e+00
3.270000000000000018e+00 4.430672477618085914e+00 4.340133079375814162e+00 8.827894347645466766e+00
3.280000000000000249e+00 4.422496905947230772e+00 4.349514100591135524e+00 8.785368138568628638e+00
3.290000000000000036e+00 4.416072954179221632e+00 4.360557959128145811e+00 8.744093920553716259e+00
3.300000000000000266e+00 4.411389389006569850e+00 4.373206749276850047e+00 8.704183667491177445e+00
3.310000000000000053e+00 4.408430435641505163e+00 4.387400510550875765e+00 8.665743600931962831e+00
3.320000000000000284e+00 4.407176017789445233e+00 4.403077292383271057e+00 8.628874227629832916e+00
3.330000000000000071e+00 4.407601979762995725e+00 4.420173195018048951e+00 8.593670372799236290e+00
3.339999999999999858e+00 4.409680290343003684e+00 4.438622390166245602e+00 8.560221206444593278e+00
3.350000000000000089e+00 4.413379228372188656e+00 4.458357125031348289e+00 8.528610260498339812e+00
3.359999999999999876e+00 4.418663550412011531e+00 4.479307713318635642e+00 8.498915434874740882e+00
3.370000000000000107e+00 4.425494641105460758e+00 4.501402516831300105e+00 8.471208990905948255e+00
3.379999999999999893e+00 4.433830647168925942e+00 4.524567921227570899e+00 8.445557530977239935e+00
3.390000000000000124e+00 4.443626596186626365e+00 4.548728309470202014e+00 8.422021963522469790e+00
3.399999999999999911e+00 4.454834501602838337e+00 4.573806036444688417e+00 8.400657452879965348e+00
3.410000000000000142e+00 4.467403455502162224e+00 4.599721408156271174e+00 8.381513353845887693e+00
3.419999999999999929e+00 4.481279710937530858e+00 4.626392668838113842e+00 8.364633131097830798e+00
3.430000000000000160e+00 4.496406755711056746e+00 4.653735999213131080e+00 8.350054263997961357e+00
3.439999999999999947e+00 4.512725379635264211e+00 4.681665529047965180e+00 8.337808137622980453e+00
3.450000000000000178e+00 4.530173737402185097e+00 4.710093367017375243e+00 8.327919921208410514e+00
3.459999999999999964e+00 4.548687409266078063e+00 4.738929650757763845e+00 8.320408435536714720e+00
3.470000000000000195e+00 4.568199461801845551e+00 4.768082619826487623e+00 8.315286011141813205e+00
3.479999999999999982e+00 4.588640511035665170e+00 4.797458714095443000e+00 8.312558339544898089e+00
3.490000000000000213e+00 4.609938790256082441e+00 4.826962699889396191e+00 8.312224320075499051e+00
3.500000000000000000e+00 4.632020224802193553e+00 4.856497825928154377e+00 8.314275905164119962e+00
3.510000000000000231e+00 4.654808516089239845e+00 4.885966010843602270e+00 8.318697947314056762e+00
3.520000000000000018e+00 4.678225237069920439e+00 4.915268063714792746e+00 8.325468051264913072e+00
3.530000000000000249e+00 4.702189941240252580e+00 4.944303938694641687e+00 8.334556435142852493e+00
3.540000000000000036e+00 4.726620287180721469e+00 4.972973024388722685e+00 8.345925804645602852e+00
3.550000000000000266e+00 4.751432180475067213e+00 5.001174468189945266e+00 8.359531244526277050e+00
3.560000000000000053e+00 4.776539934669342458e+00 5.028807535273424278e+00 8.375320131810809698e+00
3.570000000000000284e+00 4.801856452721659174e+00 5.055772001415822281e+00 8.393232075300753436e+00
3.580000000000000071e+00 4.827293430147919118e+00 5.081968578226940814e+00 8.413198885967599239e+00
3.589999999999999858e+00 4.852761580790499352e+00 5.107299368773960957e+00 8.435144582828257853e+00
3.600000000000000089e+00 4.878170885826177638e+00 5.131668350947844459e+00 8.458985438795370015e+00
3.609999999999999876e+00 4.903430866287512124e+00 5.154981885276535891e+00 8.484630070813967251e+00
3.620000000000000107e+00 4.928450879000858542e+00 5.177149243241619736e+00 8.511979578320858053e+00
3.629999999999999893e+00 4.953140435447181744e+00 5.198083151517034040e+00 8.540927733690814705e+00
3.640000000000000124e+00 4.977409542632842410e+00 5.217700346934519118e+00 8.571361227861238774e+00
3.649999999999999911e+00 5.001169064621899807e+00 5.235922136406340854e+00 8.603159973754106460e+00
3.660000000000000142e+00 5.024331102935139626e+00 5.252674955517948163e+00 8.636197469442860708e+00
3.669999999999999929e+00 5.046809393571424884e+00 5.267890919058562105e+00 8.670341222247685664e+00
3.680000000000000160e+00 5.068519717961898152e+00 5.281508356402998317e+00 8.705453234093205594e+00
3.689999999999999947e+00 5.089380324736260341e+00 5.293472324409602692e+00 8.741390547539957367e+00
3.700000000000000178e+00 5.109312358772089446e+00 5.303735090371866967e+00 8.778005850919038622e+00
3.709999999999999964e+00 5.128240293623067103e+00 5.312256577567967319e+00 8.815148139976344055e+00
3.720000000000000195e+00 5.146092363090165378e+00 5.319004766103617499e+00 8.852663432388713005e+00
3.729999999999999982e+00 5.162800987421196197e+00 5.323956042046137149e+00 8.890395530472348540e+00
3.740000000000000213e+00 5.178303189408319795e+00 5.327095488305035431e+00 8.928186826388373021e+00
3.750000000000000000e+00 5.192540995508843515e+00 5.328417111325593147e+00 8.965879143187279965e+00
3.760000000000000231e+00 5.205461817049428674e+00 5.327923998421546514e+00 9.003314604149212030e+00
3.770000000000000018e+00 5.217018806593995528e+00 5.325628401470766882e+00 9.040336522096302119e+00
3.780000000000000249e+00 5.227171184665307280e+00 5.321551743718851313e+00 9.076790299700402187e+00
3.790000000000000036e+00 5.235884532211897202e+00 5.315724547560567892e+00 9.112524331306380176e+00
3.800000000000000266e+00 5.243131044505596527e+00 5.308186282374448339e+00 9.147390896455942055e+00
3.810000000000000053e+00 5.248889742538134229e+00 5.298985132744784998e+00 9.181247035143966784e+00
3.820000000000000284e+00 5.253146638453201511e+00 5.288177688688278977e+00 9.213955394878009741e+00
3.830000000000000071e+00 5.255894852095789993e+00 5.275828560778158760e+00 9.245385039845938735e+00
3.839999999999999858e+00 5.257134676373826032e+00 5.262009924295090180e+00 9.275412212925228772e+00
3.850000000000000089e+00 5.256873589796544621e+00 5.246800997699853752e+00 9.303921041882704301e+00
3.859999999999999876e+00 5.255126215265953249e+00 5.230287461787865411e+00 9.330804181902712102e+00
3.870000000000000107e+00 5.251914224937364040e+00 5.212560826822858928e+00 9.355963387526418984e+00
3.879999999999999893e+00 5.247266191716211559e+00 5.193717755732886410e+00 9.379310008162468293e+00
3.890000000000000124e+00 5.241217388704773938e+00 5.173859352067236017e+00 9.400765402512726965e+00
3.899999999999999911e+00 5.233809538637565595e+00 5.153090421844072289e+00 9.420261268516510356e+00
3.910000000000000142e+00 5.225090516032060428e+00 5.131518718657448019e+00 9.437739886721308480e+00
3.919999999999999929e+00 5.215114005417170517e+00 5.109254181456423183e+00 9.453154276304809756e+00
3.930000000000000160e+00 5.203939119571987959e+00 5.086408174262095905e+00 9.466468264270616828e+00
3.939999999999999947e+00 5.191629982200375082e+00 5.063092736759203127e+00 9.477656469587644850e+00
3.950000000000000178e+00 5.178255279873435590e+00 5.039419854202080273e+00 9.486704205213163377e+00
3.959999999999999964e+00 5.163887788385109978e+00 5.015500754428540375e+00 9.493607302007035287e+00
3.970000000000000195e+00 5.148603878881623075e+00 4.991445239001870426e+00 9.498371859489578739e+00
3.979999999999999982e+00 5.132483009241815886e+00 4.967361054625517802e+00 9.501013929201517882e+00
3.990000000000000213e+00 5.115607206203343083e+00 4.943353310023391067e+00 9.501559137080624495e+00
4.000000000000000000e+00 5.098060543652898069e+00 4.919523942478450707e+00 9.500042251769416524e+00
4.009999999999999787e+00 5.079928622332597676e+00 4.895971237199922221e+00 9.496506706110395157e+00
4.020000000000000462e+00 5.061298055967171194e+00 4.872789401670884146e+00 9.491004079272421734e+00
4.030000000000000249e+00 5.042255968496816898e+00 4.850068196136805732e+00 9.483593546991205159e+00
4.040000000000000036e+00 5.022889506719211639e+00 4.827892620452997718e+00 9.474341307308687732e+00
4.049999999999999822e+00 5.003285372212343596e+00 4.806342656632972776e+00 9.463319988973752928e+00
4.060000000000000497e+00 4.983529375939686368e+00 4.785493065645249899e+00 9.450608049335514238e+00
4.070000000000000284e+00 4.963706018442591628e+00 4.765413236304312683e+00 9.436289168137154348e+00
4.080000000000000071e+00 4.943898098013416842e+00 4.746167083500064443e+00 9.420451643120772545e+00
4.089999999999999858e+00 4.924186348728041729e+00 4.727812992513468870e+00 9.403187792799254652e+00
4.099999999999999645e+00 4.904649109708404175e+00 4.710403805775290387e+00 9.384593371157553321e+00
4.110000000000000320e+00 4.885362026493879739e+00 4.693986848138270496e+00 9.364766998429006506e+00
4.120000000000000107e+00 4.866397784932984472e+00 4.678603986546314708e+00 9.343809611467758458e+00
4.129999999999999893e+00 4.847825877570713260e+00 4.664291719891378918e+00 9.321823936619553663e+00
4.139999999999999680e+00 4.829712402107674052e+00 4.651081294841446834e+00 9.298913987391749458e+00
4.150000000000000355e+00 4.812119891149013284e+00 4.638998843492545099e+00 9.275184588649537432e+00
4.160000000000000142e+00 4.795107172147000441e+00 4.628065538834154502e+00 9.250740928526838047e+00
4.169999999999999929e+00 4.778729256172753459e+00 4.618297764210385736e+00 9.225688138743603162e+00
4.179999999999999716e+00 4.763037253930338721e+00 4.609707293198787248e+00 9.200130903570409302e+00
4.190000000000000391e+00 4.748078317250149283e+00 4.602301476604445440e+00 9.174173097279352262e+00
4.200000000000000178e+00 4.733895604166370674e+00 4.596083433569804200e+00 9.147917449568520709e+00
4.209999999999999964e+00 4.720528265593721962e+00 4.591052244121315518e+00 9.121465238145967547e+00
4.219999999999999751e+00 4.708011451568504313e+00 4.587203140804841262e+00 9.094916007406853353e+00
4.230000000000000426e+00 4.696376335005388647e+00 4.584527697395345491e+00 9.068367311933011266e+00
4.240000000000000213e+00 4.685650150940603886e+00 4.583014012996823539e+00 9.041914483384420720e+00
4.250000000000000000e+00 4.675856249280723631e+00 4.582646890170265053e+00 9.015650419234654933e+00
4.259999999999999787e+00 4.667014159150201458e+00 4.583408006036607141e+00 8.989665391723324461e+00
4.270000000000000462e+00 4.659139663026316214e+00 4.585276075594504341e+00 8.964046875355041522e+00
4.280000000000000249e+00 4.652244878963709418e+00 4.588227006766954830e+00 8.938879391262320340e+00
4.290000000000000036e+00 4.646338349338374307e+00 4.592234046944309256e+00 8.914244366765997185e+00
4.299999999999999822e+00 4.641425134679709963e+00 4.597267921022867299e+00 8.890220008507553118e+00
4.310000000000000497e+00 4.637506911305636415e+00 4.603296961147443689e+00 8.866881187590051283e+00
4.320000000000000284e+00 4.634582071627111333e+00 4.610287228552644834e+00 8.844299335245171534e+00
4.330000000000000071e+00 4.632645826141915002e+00 4.618202628061493620e+00 8.822542347640133897e+00
4.339999999999999858e+00 4.631690306291048387e+00 4.627005015941629829e+00 8.801674498547940928e+00
4.350000000000000533e+00 4.631704667502360095e+00 4.636654301939481471e+00 8.781756358724615907e+00
4.360000000000000320e+00 4.632675191893330435e+00 4.647108546412157537e+00 8.762844720966226575e+00
4.370000000000000107e+00 4.634585390246712677e+00 4.658324053556190059e+00 8.744992529954490834e+00
4.379999999999999893e+00 4.637416103007644175e+00 4.670255461792617524e+00 8.728248816141089605e+00
4.389999999999999680e+00 4.641145600177760677e+00 4.682855832409972940e+00 8.712658633065744951e+00
4.400000000000000355e+00 4.645749680099847900e+00 4.696076737591362793e+00 8.698262997650799022e+00
4.410000000000000142e+00 4.651201767234852014e+00 4.709868348959767026e+00 8.685098833163570120e+00
4.419999999999999929e+00 4.657473009131065211e+00 4.724179527767479847e+00 8.673198914686562233e+00
4.429999999999999716e+00 4.664532372872377763e+00 4.738957917831982947e+00 8.662591817083146850e+00
4.440000000000000391e+00 4.672346741368345491e+00 4.754150042281817257e+00 8.653301865591602748e+00
4.450000000000000178e+00 4.680881009913050228e+00 4.769701405122765081e+00 8.645349089322394320e+00
4.459999999999999964e+00 4.690098183492086292e+00 4.785556598567133335e+00 8.638749178070860069e+00
4.469999999999999751e+00 4.699959475357270655e+00 4.801659416987566154e+00 8.633513442988864028e+00
4.480000000000000426e+00 4.710424407416750725e+00 4.817952978261988761e+00 8.629648781783457068e+00
4.490000000000000213e+00 4.721450913003858219e+00 4.834379853168258023e+00 8.627157649226306901e+00
4.500000000000000000e+00 4.732995442591415802e+00 4.850882203366502665e+00 8.626038033863483889e+00
4.509999999999999787e+00 4.745013073009118898e+00 4.867401928374398778e+00 8.626283441909546212e+00
4.520000000000000462e+00 4.757457620700247247e+00 4.883880821796520166e+00 8.627882889391006671e+00
4.530000000000000249e+00 4.770281759520369924e+00 4.900260736914239246e+00 8.630820903670807454e+00
4.540000000000000036e+00 4.783437143535128833e+00 4.916483761578542833e+00 8.635077535535472748e+00
4.549999999999999822e+00 4.796874535216955060e+00 4.932492402175896906e+00 8.640628383058770012e+00
4.560000000000000497e+00 4.810543939372008637e+00 4.948229776258345147e+00 8.647444628468347716e+00
4.570000000000000284e+00 4.824394743049365886e+00 4.963639813245355192e+00 8.655493089233370796e+00
4.580000000000000071e+00 4.838375861595100247e+00 4.978667462418549405e+00 8.664736284560650148e+00
4.589999999999999858e+00 4.852435890915262284e+00 4.993258907243615319e+00 8.675132518432713269e+00
4.600000000000000533e+00 4.866523265904822537e+00 5.007361784869245547e+00 8.686635980243226030e+00
4.610000000000000320e+00 4.880586424885554386e+00 5.020925409473568024e+00 8.699196863982411543e+00
4.620000000000000107e+00 4.894573979775882044e+00 5.033900997957339030e+00 8.712761506797630062e+00
4.629999999999999893e+00 4.908434891591427984e+00 5.046241896323395260e+00 8.727272547602501263e+00
4.639999999999999680e+00 4.922118650748053881e+00 5.057903804936906944e+00 8.742669106232302312e+00
4.650000000000000355e+00 4.935575461511285233e+00 5.068845000734025774e+00 8.758886983445680841e+00
4.660000000000000142e+00 4.948756429809328949e+00 5.079026554341091959e+00 8.775858881854434301e+00
4.669999999999999929e+00 4.961613753503311131e+00 5.088412539985748495e+00 8.793514647626663461e+00
4.679999999999999716e+00 4.974100914090194614e+00 5.096970236028028012e+00 8.811781532557292351e+00
4.690000000000000391e+00 4.986172868703299343e+00 5.104670313916473745e+00 8.830584475836641190e+00
4.700000000000000178e+00 4.997786241174654975e+00 5.111487013383826827e+00 8.849846404577050407e+00
4.709999999999999964e+00 5.008899510834908142e+00 5.117398301740357702e+00 8.869488551883376815e+00
4.719999999999999751e+00 5.019473197652203567e+00 5.122386015201850995e+00 8.889430790980593855e+00
4.730000000000000426e+00 5.029470042253485929e+00 5.126435980303852169e+00 8.909591983645615443e+00
4.740000000000000213e+00 5.038855179331883427e+00 5.129538113603792304e+00 8.929890340936118776e+00
4.750000000000000000e+00 5.047596302923703426e+00 5.131686498056982515e+00 8.950243793971786488e+00
4.759999999999999787e+00 5.055663822039550226e+00 5.132879434669287200e+00 8.970570372308131368e+00
4.770000000000000462e+00 5.063031005157018427e+00 5.133119468275832986e+00 8.990788587254996855e+00
4.780000000000000249e+00 5.069674112127986909e+00 5.132413386567962199e+00 9.010817817335391666e+00
4.790000000000000036e+00 5.075572512121786062e+00 5.130772191785569092e+00 9.030578692959569054e+00
4.799999999999999822e+00 5.080708786316233905e+00 5.128211044804023899e+00 9.049993477307781475e+00
4.810000000000000497e+00 5.085068814160964124e+00 5.124749181668877718e+00 9.068986440375564229e+00
4.820000000000000284e+00 5.088641842170284590e+00 5.120409802961381374e+00 9.087484223139460582e+00
4.830000000000000071e+00 5.091420534354512029e+00 5.115219936707542381e+00 9.105416188849833503e+00
4.839999999999999858e+00 5.093401003567046281e+00 5.109210275866746365e+00 9.122714758550925396e+00
4.850000000000000533e+00 5.094582823226932788e+00 5.102414991746573314e+00 9.139315728065126265e+00
4.860000000000000320e+00 5.094969019070587635e+00 5.094871524982350408e+00 9.155158563856993226e+00
4.870000000000000107e+00 5.094566040788322425e+00 5.086620355987599318e+00 9.170186675409647492e+00
4.879999999999999893e+00 5.093383713608269581e+00 5.077704757019613879e+00 9.184347661997939838e+00
4.889999999999999680e+00 5.091435170098534968e+00 5.068170528208604253e+00 9.197593532024784579e+00
4.900000000000000355e+00 5.088736762664493263e+00 5.058065720065335391e+00 9.209880893393785684e+00
4.910000000000000142e+00 5.085307957418515379e+00 5.047440345108306303e+00 9.221171113717149481e+00
4.919999999999999929e+00 5.081171210290652773e+00 5.036346081335299374e+00 9.231430449496606627e+00
4.929999999999999716e+00 5.076351826427830005e+00 5.024835970304794230e+00 9.240630143760439452e+00
4.940000000000000391e+00 5.070877804092746466e+00 5.012964112590347909e+00 9.248746491985254892e+00
4.950000000000000178e+00 5.064779664419565286e+00 5.000785363326785138e+00 9.255760876470739973e+00
4.959999999999999964e+00 5.058090268509326748e+00 4.988355030482819252e+00 9.261659769663360464e+00
4.969999999999999751e+00 5.050844623451975934e+00 4.975728578373504796e+00 9.266434707235342572e+00
4.980000000000000426e+00 5.043079678942895328e+00 4.962961338771284758e+00 9.270082232013502122e+00
4.990000000000000213e+00 5.034834116218825706e+00 4.950108231790420810e+00 9.272603810114180334e+00
5.000000000000000000e+00 5.026148131071048297e+00 4.937223498511126074e+00 9.274005720872485981e+00
5.009999999999999787e+00 5.017063212702543851e+00 4.924360447081673975e+00 9.274298922353423791e+00
5.020000000000000462e+00 5.007621920181585473e+00 4.911571213794244883e+00 9.273498894397464554e+00
5.030000000000000249e+00 4.997867658207620245e+00 4.898906540378790808e+00 9.271625461282892999e+00
5.040000000000000036e+00 4.987844453848085280e+00 4.886415568503504225e+00 9.268702596181308095e+00
5.049999999999999822e+00 4.977596735828723418e+00 4.874145652215831959e+00 9.264758209641952291e+00
5.060000000000000497e+00 4.967169117867009653e+00 4.862142188808723731e+00 9.259823924365896630e+00
5.070000000000000284e+00 4.956606187431086497e+00 4.850448468357265952e+00 9.253934838524733308e+00
5.080000000000000071e+00 4.945952301187243272e+00 4.839105541944547006e+00 9.247129279842488003e+00
5.089999999999999858e+00 4.935251388270309292e+00 4.828152108385769914e+00 9.239448552596799757e+00
5.100000000000000533e+00 4.924546762375831221e+00 4.817624419068749830e+00 9.230936679609129669e+00
5.110000000000000320e+00 4.913880943533067480e+00 4.807556200358933829e+00 9.221640141187240403e+00
5.120000000000000107e+00 4.903295490276316393e+00 4.797978592869345249e+00 9.211607612859719296e+00
5.129999999999999893e+00 4.892830842790923285e+00 4.788920106771167973e+00 9.200889703605488634e+00
5.139999999999999680e+00 4.882526177472032103e+00 4.780406592219277329e+00 9.189538696134535556e+00
5.150000000000000355e+00 4.872419273200333301e+00 4.772461223888661230e+00 9.177608290622483622e+00
5.160000000000000142e+00 4.862546389511697598e+00 4.765104498561695046e+00 9.165153353144663839e+00
5.169999999999999929e+00 4.852942156718046185e+00 4.758354244671590294e+00 9.152229669897485209e+00
5.179999999999999716e+00 4.843639477926279469e+00 4.752225642692639695e+00 9.138893708139017136e+00
5.190000000000000391e+00 4.834669442801661887e+00 4.746731255271553707e+00 9.125202384629004015e+00
5.200000000000000178e+00 4.826061252832276161e+00 4.741881066014408397e+00 9.111212842202899509e+00
5.209999999999999964e+00 4.817842157772611600e+00 4.737682525878572193e+00 9.096982234976923820e+00
5.219999999999999751e+00 4.810037402877219925e+00 4.734140606166453935e+00 9.082567522552588812e+00
5.230000000000000426e+00 4.802670186479647718e+00 4.731257857176026427e+00 9.068025273470963654e+00
5.240000000000000213e+00 4.795761627427438611e+00 4.729034471629733893e+00 9.053411478059905093e+00
5.250000000000000000e+00 4.789330741850456263e+00 4.727468352076810376e+00 9.038781370721748587e+00
5.259999999999999787e+00 4.783394428716649216e+00 4.726555181542116735e+00 9.024189261625492620e+00
5.270000000000000462e+00 4.777967463616115573e+00 4.726288496775894465e+00 9.009688377695498573e+00
5.280000000000000249e+00 4.773062500210039083e+00 4.726659763541505299e+00 8.995330712728799583e+00
5.290000000000000036e+00 4.768690078785149389e+00 4.727658453460859889e+00 8.981166886424599483e+00
5.299999999999999822e+00 4.764858641365835368e+00 4.729272122018553404e+00 8.967246012072033423e+00
5.310000000000000497e+00 4.761574552854006548e+00 4.731486487404585439e+00 8.953615572615223783e+00
5.320000000000000284e+00 4.758842127690496859e+00 4.734285509950790782e+00 8.940321304797677726e+00
5.330000000000000071e+00 4.756663661560073919e+00 4.737651471986924712e+00 8.927407091080102219e+00
5.339999999999999858e+00 4.755039467694323285e+00 4.741565058008233358e+00 8.914914859026227489e+00
5.350000000000000533e+00 4.753967917361681117e+00 4.746005435106185999e+00 8.902884487859342499e+00
5.360000000000000320e+00 4.753445484171098023e+00 4.750950333667896430e+00 8.891353721907334418e+00
5.370000000000000107e+00 4.753466791854163986e+00 4.756376128396935243e+00 8.880358090674814520e+00
5.379999999999999893e+00 4.754024665229490410e+00 4.762257919748484447e+00 8.869930835307233252e+00
5.389999999999999680e+00 4.755110184091792647e+00 4.768569615905081882e+00 8.860102841242239791e+00
5.400000000000000355e+00 4.756712739806003398e+00 4.775284015445254049e+00 8.850902576877560435e+00
5.410000000000000142e+00 4.758820094423080960e+00 4.782372890876233740e+00 8.842356038121444328e+00
5.419999999999999929e+00 4.761418442168578125e+00 4.789807073213709465e+00 8.834486698730271925e+00
5.429999999999999716e+00 4.764492473186856536e+00 4.797556537796246801e+00 8.827315466377719133e+00
5.440000000000000391e+00 4.768025439452799219e+00 4.805590491519781793e+00 8.820860644439985521e+00
5.450000000000000178e+00 4.771999222788564587e+00 4.813877461668683466e+00 8.815137899521381826e+00
5.459999999999999964e+00 4.776394404944879213e+00 4.822385386504477012e+00 8.810160234783204203e+00
5.469999999999999751e+00 4.781190339724669336e+00 4.831081707751831544e+00 8.805937969175653635e+00
5.480000000000000426e+00 4.786365227140848333e+00 4.839933465093974263e+00 8.802478722706963410e+00
5.490000000000000213e+00 4.791896189610054257e+00 4.848907392757032753e+00 8.799787407915090398e+00
5.500000000000000000e+00 4.797759350189704897e+00 4.857970018224961883e+00 8.797866227734690625e+00
5.509999999999999787e+00 4.803929912866999885e+00 4.867087763084524177e+00 8.796714679975263351e+00
5.520000000000000462e+00 4.810382244905433424e+00 4.876227045953537065e+00 8.796329568644349450e+00
5.530000000000000249e+00 4.817089961246989738e+00 4.885354387396112941e+00 8.796705022362354853e+00
5.540000000000000036e+00 4.824026010956749211e+00 4.894436516676267779e+00 8.797832520122327082e+00
5.549999999999999822e+00 4.831162765681078497e+00 4.903440480146962877e+00 8.799700924648346856e+00
5.560000000000000497e+00 4.838472110071387888e+00 4.912333751016070948e+00 8.802296523599952849e+00
5.570000000000000284e+00 4.845925534102633492e+00 4.921084340174578742e+00 8.805603078856780286e+00
5.580000000000000071e+00 4.853494227189878885e+00 4.929660907716553631e+00 8.809601884097231661e+00
5.589999999999999858e+00 4.861149173977485027e+00 4.938032874725748478e+00 8.814271830857471457e+00
5.600000000000000533e+00 4.868861251644439392e+00 4.946170534851113132e+00 8.819589483222179283e+00
5.610000000000000320e+00 4.876601328536323443e+00 4.954045165143847740e+00 8.825529161256721267e+00
5.620000000000000107e+00 4.884340363900003368e+00 4.961629135582837691e+00 8.832063033241560390e+00
5.629999999999999893e+00 4.892049508461903784e+00 4.968896016674290372e+00 8.839161216714622071e+00
5.639999999999999680e+00 4.899700205555137522e+00 4.975820684475943168e+00 8.846791888265878256e+00
5.650000000000000355e+00 4.907264292465566946e+00 4.982379422367314348e+00 8.854921401961867389e+00
5.660000000000000142e+00 4.914714101632565502e+00 4.988550018865693936e+00 8.863514416206276891e+00
5.669999999999999929e+00 4.922022561307541899e+00 4.994311860773842149e+00 8.872534028767505632e+00
5.679999999999999716e+00 4.929163295242806164e+00 4.999646020940113900e+00 8.881941919625724324e+00
5.690000000000000391e+00 4.936110720955658060e+00 5.004535339915581638e+00 8.891698501211912742e+00
5.700000000000000178e+00 4.942840146088426145e+00 5.008964500806001752e+00 8.901763075530297442e+00
5.709999999999999964e+00 4.949327862364950370e+00 5.012920096639441603e+00 8.912093997575219362e+00
5.719999999999999751e+00 4.955551236628454426e+00 5.016390689603119846e+00 8.922648844374638344e+00
5.730000000000000426e+00 4.961488798435214065e+00 5.019366861545474734e+00 8.933384588916684521e+00
5.740000000000000213e+00 4.967120323673388960e+00 5.021841255191334952e+00 8.944257778144155679e+00
5.750000000000000000e+00 4.972426913677241878e+00 5.023808605579056064e+00 8.955224714135940900e+00
5.759999999999999787e+00 4.977391069313921612e+00 5.025265761297887046e+00 8.966241637535206976e+00
5.770000000000000462e+00 4.981996759533290131e+00 5.026211695180880845e+00 8.977264912232937988e+00
5.780000000000000249e+00 4.986229483890963543e+00 5.026647504192598426e+00 8.988251210273432434e+00
5.790000000000000036e+00 4.990076328580824949e+00 5.026576398340423246e+00 8.999157695915975808e+00
5.799999999999999822e+00 4.993526015545638685e+00 5.026003678532343422e+00 9.009942207765742950e+00
5.810000000000000497e+00 4.996568944272772761e+00 5.024936703401445826e+00 9.020563437876841562e+00
5.820000000000000284e+00 4.999197225926172550e+00 5.023384845216367189e+00 9.030981106732369312e+00
5.830000000000000071e+00 5.001404709515064440e+00 5.021359435096428570e+00 9.041156133020358254e+00
5.839999999999999858e+00 5.003186999853973305e+00 5.018873697848455606e+00 9.051050797150562488e+00
5.850000000000000533e+00 5.004541467126788490e+00 5.015942676837915393e+00 9.060628897495288214e+00
5.860000000000000320e+00 5.005467247929195729e+00 5.012583149398598614e+00 9.069855898387112703e+00
5.870000000000000107e+00 5.005965237727938444e+00 5.008813533371065496e+00 9.078699068967141628e+00
5.879999999999999893e+00 5.006038074741271160e+00 5.004653785439437286e+00 9.087127612048425007e+00
5.889999999999999680e+00 5.005690115311804078e+00 5.000125292007319366e+00 9.095112782239477056e+00
5.900000000000000355e+00 5.004927400909757296e+00 4.995250753415978906e+00 9.102627992661139089e+00
5.910000000000000142e+00 5.003757616970532673e+00 4.990054062360282039e+00 9.109648909685386542e+00
5.919999999999999929e+00 5.002190043834616517e+00 4.984560177399689707e+00 9.116153535225457460e+00
5.929999999999999716e+00 5.000235500119326382e+00 4.978794992492417748e+00 9.122122276211468872e+00
5.940000000000000391e+00 4.997906278909880484e+00 4.972785203500291296e+00 9.127538000993117961e+00
5.950000000000000178e+00 4.995216077211052763e+00 4.966558172619810030e+00 9.132386082519369452e+00
5.959999999999999964e+00 4.992179919149530853e+00 4.960141791691706992e+00 9.136654428253034865e+00
5.969999999999999751e+00 4.988814073460500431e+00 4.953564345327073681e+00 9.140333496883975783e+00
5.980000000000000426e+00 4.985135965829333493e+00 4.946854374763444362e+00 9.143416302007269181e+00
5.990000000000000213e+00 4.981164086690295534e+00 4.940040543329899059e+00 9.145898403030633617e+00
6.000000000000000000e+00 4.976917895108498691e+00 4.933151504356929173e+00 9.147777883667345122e+00
6.009999999999999787e+00 4.972417719388873003e+00 4.926215772315576835e+00 9.149055318456294827e+00
6.020000000000000462e+00 4.967684655066562982e+00 4.919261597912283790e+00 9.149733727828039065e+00
6.030000000000000249e+00 4.962740460936935882e+00 4.912316847802082442e+00 9.149818522304942192e+00
6.040000000000000036e+00 4.957607453780565443e+00 4.905408889514386139e+00 9.149317436483308086e+00
6.049999999999999822e+00 4.952308402429286716e+00 4.898564482114009522e+00 9.148240453496148561e+00
6.060000000000000497e+00 4.946866421804110736e+00 4.891809673046313200e+00 9.146599720696242386e+00
6.070000000000000284e+00 4.941304867534852541e+00 4.885169701540676535e+00 9.144409457330704427e+00
6.080000000000000071e+00 4.935647231745344143e+00 4.878668908872105803e+00 9.141685855000288186e+00
6.089999999999999858e+00 4.929917040557451280e+00 4.872330655707622249e+00 9.138446971709539568e+00
6.100000000000000533e+00 4.924137753832652287e+00 4.866177246693188962e+00 9.134712620318138576e+00
6.110000000000000320e+00 4.918332667632029143e+00 4.860229862369227938e+00 9.130504252199619586e+00
6.120000000000000107e+00 4.912524819835057954e+00 4.854508498438927511e+00 9.125844836902002655e+00
6.129999999999999893e+00 4.906736899315073508e+00 4.849031912354256235e+00 9.120758738586360437e+00
6.140000000000000568e+00 4.900991159025388733e+00 4.843817577130416829e+00 9.115271589994584645e+00
6.150000000000000355e+00 4.895309333305498889e+00 4.838881642250711046e+00 9.109410164667613330e+00
6.160000000000000142e+00 4.889712559672079628e+00 4.834238901480826023e+00 9.103202248100823013e+00
6.169999999999999929e+00 4.884221305315214146e+00 4.829902767374425920e+00 9.096676508485069590e+00
6.179999999999999716e+00 4.878855298477048130e+00 4.825885252220862398e+00 9.089862367640794361e+00
6.190000000000000391e+00 4.873633464848172281e+00 4.822196955160482190e+00 9.082789872709463808e+00
6.200000000000000178e+00 4.868573869077076566e+00 4.818847055173605121e+00 9.075489569122073163e+00
6.209999999999999964e+00 4.863693661450246175e+00 4.815843309635172709e+00 9.067992375319573028e+00
6.219999999999999751e+00 4.859009029765220866e+00 4.813192058118308303e+00 9.060329459654962392e+00
6.230000000000000426e+00 4.854535156386445394e+00 4.810898231126073732e+00 9.052532119862512161e+00
6.240000000000000213e+00 4.850286180444156159e+00 4.808965363431139117e+00 9.044631665436623891e+00
6.250000000000000000e+00 4.846275165110060179e+00 4.807395611707550032e+00 9.036659303221250994e+00
6.259999999999999787e+00 4.842514069860173187e+00 4.806189776146650772e+00 9.028646026471625063e+00
6.270000000000000462e+00 4.839013727614879912e+00 4.805347325760195076e+00 9.020622507613007102e+00
6.280000000000000249e+00 4.835783826629155513e+00 4.804866427087047143e+00 9.012618994886974377e+00
6.290000000000000036e+00 4.832832896991703819e+00 4.804743976035324771e+00 9.004665213044409811e+00
6.299999999999999822e+00 4.830168301580497037e+00 4.804975632608792679e+00 8.996790268215830721e+00
6.310000000000000497e+00 4.827796231313665309e+00 4.805555858284235704e+00 8.989022557064524577e+00
6.320000000000000284e+00 4.825721704528753264e+00 4.806477955825207538e+00 8.981389680305625234e+00
6.330000000000000071e+00 4.823948570319675611e+00 4.807734111336243288e+00 8.973918360655156690e+00
6.339999999999999858e+00 4.822479515659246374e+00 4.809315438380192376e+00 8.966634365256766159e+00
6.350000000000000533e+00 4.821316076135512496e+00 4.811212023999299703e+00 8.959562432620700179e+00
6.360000000000000320e+00 4.820458650132155576e+00 4.813412976497733808e+00 8.952726204098812701e+00
6.370000000000000107e+00 4.819906516286581954e+00 4.815906474859155573e+00 8.946148159911350817e+00
6.379999999999999893e+00 4.819657854063881253e+00 4.818679819687360144e+00 8.939849559735499440e+00
6.390000000000000568e+00 4.819709767290174085e+00 4.821719485570887365e+00 8.933850387861932418e+00
6.400000000000000355e+00 4.820058310494900411e+00 4.825011174783478296e+00 8.928169302923731010e+00
6.410000000000000142e+00 4.820698517917967330e+00 4.828539872241298880e+00 8.922823592201755361e+00
6.419999999999999929e+00 4.821624435044248536e+00 4.832289901644920782e+00 8.917829130511472968e+00
6.429999999999999716e+00 4.822829152534350960e+00 4.836244982738887366e+00 8.913200343678283843e+00
6.440000000000000391e+00 4.824304842426886175e+00 4.840388289624504736e+00 8.908950176611018179e+00
6.450000000000000178e+00 4.826042796493201337e+00 4.844702510062091960e+00 8.905090065986483339e+00
6.459999999999999964e+00 4.828033466630761161e+00 4.849169905697485738e+00 8.901629917561145078e+00
6.469999999999999751e+00 4.830266507185858593e+00 4.853772373144076724e+00 8.898578088129285746e+00
6.480000000000000426e+00 4.832730819099926300e+00 4.858491505846210146e+00 8.895941372149664517e+00
6.490000000000000213e+00 4.835414595776379443e+00 4.863308656642589156e+00 8.893724993064934026e+00
6.500000000000000000e+00 4.838305370566609476e+00 4.868205000939338056e+00 8.891932599339282817e+00
6.509999999999999787e+00 4.841390065774251461e+00 4.873161600392065473e+00 8.890566265239929322e+00
6.520000000000000462e+00 4.844655043076365075e+00 4.878159466984551607e+00 8.889626496386904719e+00
6.530000000000000249e+00 4.848086155258471308e+00 4.883179627378920529e+00 8.889112240093057338e+00
6.540000000000000036e+00 4.851668799157661027e+00 4.888203187398621807e+00 8.889020900511727774e+00
6.549999999999999822e+00 4.855387969704163531e+00 4.893211396491314424e+00 8.889348358603681888e+00
6.560000000000000497e+00 4.859228314946952842e+00 4.898185712004313075e+00 8.890088996926795772e+00
6.570000000000000284e+00 4.863174191943221203e+00 4.903107863090660601e+00 8.891235729242248809e+00
6.580000000000000071e+00 4.867209723384996245e+00 4.907959914049688344e+00 8.892780034918970955e+00
6.589999999999999858e+00 4.871318854828866840e+00 4.912724326892044857e+00 8.894711998104368078e+00
6.600000000000000533e+00 4.875485412386954209e+00 4.917384022906353458e+00 8.897020351613477374e+00
6.610000000000000320e+00 4.879693160728960422e+00 4.921922442992718416e+00 8.899692525470996429e+00
6.620000000000000107e+00 4.883925861236543042e+00 4.926323606517898135e+00 8.902714700021160610e+00
6.629999999999999893e+00 4.888167330142634270e+00 4.930572168438147607e+00 8.906071863499313679e+00
6.640000000000000568e+00 4.892401496479693357e+00 4.934653474428829512e+00 8.909747873936353812e+00
6.650000000000000355e+00 4.896612459652582849e+00 4.938553613755148675e+00 8.913725525243396675e+00
6.660000000000000142e+00 4.900784546443854417e+00 4.942259469615939871e+00 8.917986617299067831e+00
6.669999999999999929e+00 4.904902367252049089e+00 4.945758766692639696e+00 8.922512029836093816e+00
6.679999999999999716e+00 4.908950871357136592e+00 4.949040115638317694e+00 8.927281799897830439e+00
6.690000000000000391e+00 4.912915401001925808e+00 4.952093054247359127e+00 8.932275202608959574e+00
6.700000000000000178e+00 4.916781744073980498e+00 4.954908085054867684e+00 8.937470834978537226e+00
6.709999999999999964e+00 4.920536185169802401e+00 4.957476709126361847e+00 8.942846702428020933e+00
6.719999999999999751e+00 4.924165554821682278e+00 4.959791455812709415e+00 8.948380307712183068e+00
6.730000000000000426e+00 4.927657276667881447e+00 4.961845908262501048e+00 8.954048741877516093e+00
6.740000000000000213e+00 4.930999412348894495e+00 4.963634724504156992e+00 8.959828776880835122e+00
6.750000000000000000e+00 4.934180703916421606e+00 4.965153653932766531e+00 8.965696959471157967e+00
6.759999999999999787e+00 4.937190613547457474e+00 4.966399549061780050e+00 8.971629705920268094e+00
6.770000000000000462e+00 4.940019360363703704e+00 4.967370372427201808e+00 8.977603397172719824e+00
6.780000000000000249e+00 4.942657954166174150e+00 4.968065198561237850e+00 8.983594473973955274e+00
6.790000000000000036e+00 4.945098225906636280e+00 4.968484210983490357e+00 8.989579531526555201e+00
6.799999999999999822e+00 4.947332854731020468e+00 4.968628694190192263e+00 8.995535413219204912e+00
6.810000000000000497e+00 4.949355391445458885e+00 4.968501020655392786e+00 9.001439302971231626e+00
6.820000000000000284e+00 4.951160278272736193e+00 4.968104632892016426e+00 9.007268815737432988e+00
6.830000000000000071e+00 4.952742864785762755e+00 4.967444020654908421e+00 9.013002085723559986e+00
6.839999999999999858e+00 4.954099419924924419e+00 4.966524693402009305e+00 9.018617851872335223e+00
6.850000000000000533e+00 4.955227140027691490e+00 4.965353148163134556e+00 9.024095540193096454e+00
6.860000000000000320e+00 4.956124152821502982e+00 4.963936832998253834e+00 9.029415342525059174e+00
6.870000000000000107e+00 4.956789517354393659e+00 4.962284106258039174e+00 9.034558291344712444e+00
6.879999999999999893e+00 4.957223219861982777e+00 4.960404191888643233e+00 9.039506330251654731e+00
6.890000000000000568e+00 4.957426165593855849e+00 4.958307131049600081e+00 9.044242379794161124e+00
6.900000000000000355e+00 4.957400166647052409e+00 4.956003730338350621e+00 9.048750398325674738e+00
6.910000000000000142e+00 4.957147925878762962e+00 4.953505506936600966e+00 9.053015437615602679e+00
6.919999999999999929e+00 4.956673016994474601e+00 4.950824631012567423e+00 9.057023692972560269e+00
6.929999999999999716e+00 4.955979860931169156e+00 4.947973865728737763e+00 9.060762547674389822e+00
6.940000000000000391e+00 4.955073698677697536e+00 4.944966505217076147e+00 9.064220611537072259e+00
6.950000000000000178e+00 4.953960560695858995e+00 4.941816310892435560e+00 9.067387753493418856e+00
6.959999999999999964e+00 4.952647233125670567e+00 4.938537446480320448e+00 9.070255128091638142e+00
6.969999999999999751e+00 4.951141220976809088e+00 4.935144412137049130e+00 9.072815195863340065e+00
6.980000000000000426e+00 4.949450708524893550e+00 4.931651978038848583e+00 9.075061737549606988e+00
6.990000000000000213e+00 4.947584517146098371e+00 4.928075117811604677e+00 9.076989862212212046e+00
7.000000000000000000e+00 4.945552060836372554e+00 4.924428942164978729e+00 9.078596009294370717e+00
7.009999999999999787e+00 4.943363299672235200e+00 4.920728633083695236e+00 9.079877944731336470e+00
7.020000000000000462e+00 4.941028691478542179e+00 4.916989378915008757e+00 9.080834751245195235e+00
7.030000000000000249e+00 4.938559141974930178e+00 4.913226310675257835e+00 9.081466812990342419e+00
7.040000000000000036e+00 4.935965953676570095e+00 4.909454439879906040e+00 9.081775794745677644e+00
7.049999999999999822e+00 4.933260773826674495e+00 4.905688598181206395e+00 9.081764615876863900e+00
7.060000000000000497e+00 4.930455541637797978e+00 4.901943379075682117e+00 9.081437419316326753e+00
7.070000000000000284e+00 4.927562435116406014e+00 4.898233081920466248e+00 9.080799535830250235e+00
7.080000000000000071e+00 4.924593817740674950e+00 4.894571658473381603e+00 9.079857443860447574e+00
7.089999999999999858e+00 4.921562185255081268e+00 4.890972662146968908e+00 9.078618725244661292e+00
7.100000000000000533e+00 4.918480112837081641e+00 4.887449200141584349e+00 9.077092017131475288e+00
7.110000000000000320e+00 4.915360202881459806e+00 4.884013888597700692e+00 9.075286960415667181e+00
7.120000000000000107e+00 4.912215033636642580e+00 4.880678810882824514e+00 9.073214145026758715e+00
7.129999999999999893e+00 4.909057108914807621e+00 4.877455479104193081e+00 9.070885052407433591e+00
7.140000000000000568e+00 4.905898809084029644e+00 4.874354798915102371e+00 9.068311995520003777e+00
7.150000000000000355e+00 4.902752343536282531e+00 4.871387037660292130e+00 9.065508056717950680e+00
7.160000000000000142e+00 4.899629704809912667e+00 4.868561795884590815e+00 9.062487023816292009e+00
7.169999999999999929e+00 4.896542624529576671e+00 4.865887982209211593e+00 9.059263324688918928e+00
7.179999999999999716e+00 4.893502531310629955e+00 4.863373791561646620e+00 9.055851960713830806e+00
7.190000000000000391e+00 4.890520510758770811e+00 4.861026686728276758e+00 9.052268439378140741e+00
7.200000000000000178e+00 4.887607267679650036e+00 4.858853383183575403e+00 9.048528706344212580e+00
7.209999999999999964e+00 4.884773090597163581e+00 4.856859837136220825e+00 9.044649077266708304e+00
7.219999999999999751e+00 4.882027818663467578e+00 4.855051236720482777e+00 9.040646169637657437e+00
7.230000000000000426e+00 4.879380811028543263e+00 4.853431996250964886e+00 9.036536834923138528e+00
7.240000000000000213e+00 4.876840918722465723e+00 4.852005753450134407e+00 9.032338091241317812e+00
7.250000000000000000e+00 4.874416459089456310e+00 4.850775369550829552e+00 9.028067056817116409e+00
7.259999999999999787e+00 4.872115192799526540e+00 4.849742932170342691e+00 9.023740884434266363e+00
7.270000000000000462e+00 4.869944303450988166e+00 4.848909760848217232e+00 9.019376697090963901e+00
7.280000000000000249e+00 4.867910379765406859e+00 4.848276415136876238e+00 9.014991525050891852e+00
7.290000000000000036e+00 4.866019400365781955e+00 4.847842705132205054e+00 9.010602244467213140e+00
7.299999999999999822e+00 4.864276721118830693e+00 4.847607704330243905e+00 9.006225517743356335e+00
7.310000000000000497e+00 4.862687065013192367e+00 4.847569764696040728e+00 9.001877735781151912e+00
7.320000000000000284e+00 4.861254514537272087e+00 4.847726533831409945e+00 8.997574962254081044e+00
7.330000000000000071e+00 4.859982506513150113e+00 4.848074974129521486e+00 8.993332880031339016e+00
7.339999999999999858e+00 4.858873829336544325e+00 4.848611383806055386e+00 8.989166739866929490e+00
7.350000000000000533e+00 4.857930622567214307e+00 4.849331419698668988e+00 8.985091311457233942e+00
7.360000000000000320e+00 4.857154378809219963e+00 4.850230121728855259e+00 8.981120836960482023e+00
7.370000000000000107e+00 4.856545947816353959e+00 4.851301938922688350e+00 8.977268987062140937e+00
7.379999999999999893e+00 4.856105542754375115e+00 4.852540756889376361e+00 8.973548819661532505e+00
7.390000000000000568e+00 4.855832748548782440e+00 4.853939926658851434e+00 8.969972741247008940e+00
7.400000000000000355e+00 4.855726532244265314e+00 4.855492294781824647e+00 8.966552471019523907e+00
7.410000000000000142e+00 4.855785255299958969e+00 4.857190234597587697e+00 8.963299007817576936e+00
7.419999999999999929e+00 4.856006687742903338e+00 4.859025678576502472e+00 8.960222599890080630e+00
7.429999999999999716e+00 4.856388024100664502e+00 4.860990151645297352e+00 8.957332717557799029e+00
7.440000000000000391e+00 4.856925901032971282e+00 4.863074805404163925e+00 8.954638028798362015e+00
7.450000000000000178e+00 4.857616416581124419e+00 4.865270453145019935e+00 8.952146377784529818e+00
7.459999999999999964e+00 4.858455150953105317e+00 4.867567605580307877e+00 8.949864766400290605e+00
7.469999999999999751e+00 4.859437188761458692e+00 4.869956507191199435e+00 8.947799338754396814e+00
7.480000000000000426e+00 4.860557142630196559e+00 4.872427173103178077e+00 8.945955368705979183e+00
7.490000000000000213e+00 4.861809178086108574e+00 4.874969426395677097e+00 8.944337250411930285e+00
7.500000000000000000e+00 4.863187039649022658e+00 4.877572935750738026e+00 8.942948491900748920e+00
7.509999999999999787e+00 4.864684078034457571e+00 4.880227253343662142e+00 8.941791711672220089e+00
7.520000000000000462e+00 4.866293278381071730e+00 4.882921852876302538e+00 8.940868638316983308e+00
7.530000000000000249e+00 4.868007289414060246e+00 4.885646167651115590e+00 8.940180113144249319e+00
7.540000000000000036e+00 4.869818453454257678e+00 4.888389628581435886e+00 8.939726095799926497e+00
7.549999999999999822e+00 4.871718837181244766e+00 4.891141702030653349e+00 8.939505672851005613e+00
7.560000000000000497e+00 4.873700263057113347e+00 4.893891927370204620e+00 8.939517069305267682e+00
7.570000000000000284e+00 4.875754341315823304e+00 4.896629954143606689e+00 8.939757663028130352e+00
7.580000000000000071e+00 4.877872502421286782e+00 4.899345578721248984e+00 8.940224002010937809e+00
7.589999999999999858e+00 4.880046029895444448e+00 4.902028780328344659e+00 8.940911824436803101e+00
7.600000000000000533e+00 4.882266093415692509e+00 4.904669756326586416e+00 8.941816081481793077e+00
7.610000000000000320e+00 4.884523782079182475e+00 4.907258956628420599e+00 8.942930962780339499e+00
7.620000000000000107e+00 4.886810137729655779e+00 4.909787117121966027e+00 8.944249924474650726e+00
7.629999999999999893e+00 4.889116188240810956e+00 4.912245291984099538e+00 8.945765719758369983e+00
7.640000000000000568e+00 4.891432980648601436e+00 4.914624884759499324e+00 8.947470431815036207e+00
7.650000000000000355e+00 4.893751614023530649e+00 4.916917678084399945e+00 8.949355509042058898e+00
7.660000000000000142e+00 4.896063271972924014e+00 4.919115861935554612e+00 8.951411802440841115e+00
7.669999999999999929e+00 4.898359254662369544e+00 4.921212060287488477e+00 8.953629605043804673e+00
7.679999999999999716e+00 4.900631010245066754e+00 4.923199356064591470e+00 8.955998693239038744e+00
7.690000000000000391e+00 4.902870165587891904e+00 4.925071314278963719e+00 8.958508369843620756e+00
7.700000000000000178e+00 4.905068556183345585e+00 4.926822003250245885e+00 8.961147508767190573e+00
7.709999999999999964e+00 4.907218255137584251e+00 4.928446013809882231e+00 8.963904601098203528e+00
7.719999999999999751e+00 4.909311601126217006e+00 4.929938476399388314e+00 8.966767802436820034e+00
7.730000000000000426e+00 4.911341225211639738e+00 4.931295075980325571e+00 8.969724981290276844e+00
7.740000000000000213e+00 4.913300076418353868e+00 4.932512064682565089e+00 8.972763768339408585e+00
7.750000000000000000e+00 4.915181445966102736e+00 4.933586272127191030e+00 8.975871606378401424e+00
7.759999999999999787e+00 4.916978990064591493e+00 4.934515113370937733e+00 8.979035800724451732e+00
7.770000000000000462e+00 4.918686751178221961e+00 4.935296594430282902e+00 8.982243569889257984e+00
7.780000000000000249e+00 4.920299177674553270e+00 4.935929315355135572e+00 8.985482096300978938e+00
7.790000000000000036e+00 4.921811141776166743e+00 4.936412470834439681e+00 8.988738576862804308e+00
7.799999999999999822e+00 4.923217955742184238e+00 4.936745848328806474e+00 8.992000273133367472e+00
7.810000000000000497e+00 4.924515386212839019e+00 4.936929823738365641e+00 8.995254560914224484e+00
7.820000000000000284e+00 4.925699666658325704e+00 4.936965354627304237e+00 8.998488979031291635e+00
7.830000000000000071e+00 4.926767507881361752e+00 4.936853971039969480e+00 9.001691277099812538e+00
7.839999999999999858e+00 4.927716106531738305e+00 4.936597763956660501e+00 9.004849462066772503e+00
7.850000000000000533e+00 4.928543151600260686e+00 4.936199371450391560e+00 9.007951843329994546e+00
7.860000000000000320e+00 4.929246828869097818e+00 4.935661962618749676e+00 9.010987076240175142e+00
7.870000000000000107e+00 4.929825823305356458e+00 4.934989219377320602e+00 9.013944203800136279e+00
7.879999999999999893e+00 4.930279319394778703e+00 4.934185316213060446e+00 9.016812696384937098e+00
7.890000000000000568e+00 4.930606999422660230e+00 4.933254898007118250e+00 9.019582489317027552e+00
7.900000000000000355e+00 4.930809039719358466e+00 4.932203056047069545e+00 9.022244018142227873e+00
7.910000000000000142e+00 4.930886104897953537e+00 4.931035302358075967e+00 9.024788251464901379e+00
7.919999999999999929e+00 4.930839340121795367e+00 4.929757542491059574e+00 9.027206721214176000e+00
7.930000000000000604e+00 4.930670361449566386e+00 4.928376046913560238e+00 9.029491550227408680e+00
7.940000000000000391e+00 4.930381244315149125e+00 4.926897421155457479e+00 9.031635477051899841e+00
7.950000000000000178e+00 4.929974510208889882e+00 4.925328574867004150e+00 9.033631877881443728e+00
7.959999999999999964e+00 4.929453111635693219e+00 4.923676689950869267e+00 9.035474785560078104e+00
7.969999999999999751e+00 4.928820415433769142e+00 4.921949187932782799e+00 9.037158905601533121e+00
7.980000000000000426e+00 4.928080184545606812e+00 4.920153696737167515e+00 9.038679629189195097e+00
7.990000000000000213e+00 4.927236558339925132e+00 4.918298017034705261e+00 9.040033043137531976e+00
