1.000000000000000000e+00 3.053546547889709473e-01
5.000000000000000000e+02 6.715106964111328125e-01
1.000000000000000000e+03 5.953313112258911133e-01
1.500000000000000000e+03 5.219772458076477051e-01
2.000000000000000000e+03 4.741231799125671387e-01
2.500000000000000000e+03 4.759539961814880371e-01
3.000000000000000000e+03 4.203492701053619385e-01
3.500000000000000000e+03 4.109773635864257812e-01
4.000000000000000000e+03 4.054647386074066162e-01
4.500000000000000000e+03 3.802599906921386719e-01
5.000000000000000000e+03 3.785357475280761719e-01
5.500000000000000000e+03 3.678336143493652344e-01
6.000000000000000000e+03 3.303633630275726318e-01
6.500000000000000000e+03 3.282623291015625000e-01
7.000000000000000000e+03 2.904107272624969482e-01
7.100000000000000000e+03 2.467669099569320679e-01
7.200000000000000000e+03 2.240735888481140137e-01
7.300000000000000000e+03 2.000504583120346069e-01
7.400000000000000000e+03 1.793577820062637329e-01
7.500000000000000000e+03 1.659831702709197998e-01
7.600000000000000000e+03 1.960526555776596069e-01
7.700000000000000000e+03 1.691732704639434814e-01
7.800000000000000000e+03 1.626500934362411499e-01
7.900000000000000000e+03 1.596935093402862549e-01
8.000000000000000000e+03 1.537010073661804199e-01
8.100000000000000000e+03 1.608775109052658081e-01
8.200000000000000000e+03 1.596487164497375488e-01
8.300000000000000000e+03 1.651408225297927856e-01
8.400000000000000000e+03 1.604151576757431030e-01
8.500000000000000000e+03 1.649249643087387085e-01
8.600000000000000000e+03 1.611955016851425171e-01
8.700000000000000000e+03 1.597222387790679932e-01
8.800000000000000000e+03 1.570998728275299072e-01
8.900000000000000000e+03 1.506457626819610596e-01
9.000000000000000000e+03 2.760621607303619385e-01
9.100000000000000000e+03 1.734415441751480103e-01
9.200000000000000000e+03 1.217130422592163086e-01
9.300000000000000000e+03 1.034586429595947266e-01
9.400000000000000000e+03 1.955207437276840210e-01
9.500000000000000000e+03 1.359917670488357544e-01
9.600000000000000000e+03 1.165115833282470703e-01
9.700000000000000000e+03 1.011142507195472717e-01
9.800000000000000000e+03 1.068976894021034241e-01
9.900000000000000000e+03 9.987950325012207031e-02
1.000000000000000000e+04 1.003987044095993042e-01
1.010000000000000000e+04 9.786224365234375000e-02
1.020000000000000000e+04 9.141921252012252808e-02
1.030000000000000000e+04 1.011338308453559875e-01
1.040000000000000000e+04 8.983924239873886108e-02
1.050000000000000000e+04 8.795649558305740356e-02
1.060000000000000000e+04 8.855272084474563599e-02
1.070000000000000000e+04 8.663738518953323364e-02
1.080000000000000000e+04 8.578516542911529541e-02
1.090000000000000000e+04 8.520875871181488037e-02
1.100000000000000000e+04 8.292263001203536987e-02
1.110000000000000000e+04 9.787452965974807739e-02
1.120000000000000000e+04 9.187971055507659912e-02
1.130000000000000000e+04 9.229128807783126831e-02
1.140000000000000000e+04 8.983949571847915649e-02
1.150000000000000000e+04 8.224570751190185547e-02
1.160000000000000000e+04 7.978899031877517700e-02
1.170000000000000000e+04 7.954851537942886353e-02
1.180000000000000000e+04 7.763352245092391968e-02
1.190000000000000000e+04 7.781907916069030762e-02
1.200000000000000000e+04 7.716064155101776123e-02
1.210000000000000000e+04 7.798862457275390625e-02
1.220000000000000000e+04 8.829876780509948730e-02
1.230000000000000000e+04 7.859154045581817627e-02
1.240000000000000000e+04 8.090578019618988037e-02
1.250000000000000000e+04 8.296411484479904175e-02
1.260000000000000000e+04 8.151825517416000366e-02
1.270000000000000000e+04 7.287570089101791382e-02
1.280000000000000000e+04 7.316985726356506348e-02
1.290000000000000000e+04 7.442039996385574341e-02
1.300000000000000000e+04 7.672025263309478760e-02
1.310000000000000000e+04 7.455670088529586792e-02
1.320000000000000000e+04 7.396020740270614624e-02
1.330000000000000000e+04 8.136918395757675171e-02
1.340000000000000000e+04 7.177254557609558105e-02
1.350000000000000000e+04 7.186383754014968872e-02
1.360000000000000000e+04 7.025671005249023438e-02
1.370000000000000000e+04 7.165331393480300903e-02
1.380000000000000000e+04 7.183023542165756226e-02
1.390000000000000000e+04 6.786874681711196899e-02
1.400000000000000000e+04 6.870926171541213989e-02
1.410000000000000000e+04 7.413499057292938232e-02
1.420000000000000000e+04 7.019088417291641235e-02
1.430000000000000000e+04 6.924787163734436035e-02
1.440000000000000000e+04 6.802279502153396606e-02
1.450000000000000000e+04 6.724855303764343262e-02
1.460000000000000000e+04 7.656510919332504272e-02
1.470000000000000000e+04 6.850855797529220581e-02
1.480000000000000000e+04 6.755474209785461426e-02
1.490000000000000000e+04 6.970553100109100342e-02
1.500000000000000000e+04 7.150889188051223755e-02
1.510000000000000000e+04 6.928972899913787842e-02
1.520000000000000000e+04 7.217879593372344971e-02
1.530000000000000000e+04 7.140316814184188843e-02
1.540000000000000000e+04 7.272529602050781250e-02
1.550000000000000000e+04 7.313304394483566284e-02
1.560000000000000000e+04 6.784723699092864990e-02
1.570000000000000000e+04 6.460523605346679688e-02
1.580000000000000000e+04 6.697697937488555908e-02
1.590000000000000000e+04 6.495891511440277100e-02
1.600000000000000000e+04 6.592276692390441895e-02
1.610000000000000000e+04 6.609445065259933472e-02
1.620000000000000000e+04 7.029652595520019531e-02
1.630000000000000000e+04 6.587564200162887573e-02
1.640000000000000000e+04 6.828335672616958618e-02
1.650000000000000000e+04 6.813520938158035278e-02
1.660000000000000000e+04 6.851653009653091431e-02
1.670000000000000000e+04 6.536198407411575317e-02
1.680000000000000000e+04 6.252972036600112915e-02
1.690000000000000000e+04 6.229741871356964111e-02
1.700000000000000000e+04 6.204440444707870483e-02
1.710000000000000000e+04 6.655172258615493774e-02
1.720000000000000000e+04 6.871895492076873779e-02
1.730000000000000000e+04 6.295067816972732544e-02
1.740000000000000000e+04 6.267171353101730347e-02
1.750000000000000000e+04 6.353639811277389526e-02
1.760000000000000000e+04 6.226799264550209045e-02
1.770000000000000000e+04 6.251246482133865356e-02
1.780000000000000000e+04 6.451768428087234497e-02
1.790000000000000000e+04 6.253794580698013306e-02
1.800000000000000000e+04 6.367192417383193970e-02
1.810000000000000000e+04 6.236897781491279602e-02
1.820000000000000000e+04 6.450736522674560547e-02
1.830000000000000000e+04 6.632593274116516113e-02
1.840000000000000000e+04 6.196319311857223511e-02
1.850000000000000000e+04 6.050131097435951233e-02
1.860000000000000000e+04 6.139933317899703979e-02
1.870000000000000000e+04 6.148303672671318054e-02
1.880000000000000000e+04 6.438370048999786377e-02
1.890000000000000000e+04 6.109552830457687378e-02
1.900000000000000000e+04 6.136675551533699036e-02
1.910000000000000000e+04 6.603063642978668213e-02
1.920000000000000000e+04 6.173487007617950439e-02
1.930000000000000000e+04 5.893093347549438477e-02
1.940000000000000000e+04 5.986960977315902710e-02
1.950000000000000000e+04 5.961490795016288757e-02
1.960000000000000000e+04 6.172572821378707886e-02
1.970000000000000000e+04 6.053902953863143921e-02
1.980000000000000000e+04 6.065452843904495239e-02
1.990000000000000000e+04 6.212745234370231628e-02
2.000000000000000000e+04 6.053155288100242615e-02
2.010000000000000000e+04 5.951628834009170532e-02
2.020000000000000000e+04 6.035901978611946106e-02
2.030000000000000000e+04 6.057975441217422485e-02
2.040000000000000000e+04 6.029192358255386353e-02
2.050000000000000000e+04 5.793518200516700745e-02
2.060000000000000000e+04 6.004800274968147278e-02
2.070000000000000000e+04 5.856627598404884338e-02
2.080000000000000000e+04 5.986185371875762939e-02
2.090000000000000000e+04 6.195087358355522156e-02
2.100000000000000000e+04 6.259880214929580688e-02
2.110000000000000000e+04 5.888856947422027588e-02
2.120000000000000000e+04 5.758655443787574768e-02
2.130000000000000000e+04 6.029527261853218079e-02
2.140000000000000000e+04 5.949195101857185364e-02
2.150000000000000000e+04 5.883945897221565247e-02
2.160000000000000000e+04 5.914991721510887146e-02
2.170000000000000000e+04 5.941318348050117493e-02
2.180000000000000000e+04 5.771958827972412109e-02
2.190000000000000000e+04 5.901102349162101746e-02
2.200000000000000000e+04 5.621406063437461853e-02
2.210000000000000000e+04 5.984111875295639038e-02
2.220000000000000000e+04 5.959576368331909180e-02
2.230000000000000000e+04 5.877664312720298767e-02
2.240000000000000000e+04 5.788652971386909485e-02
2.250000000000000000e+04 5.782100930809974670e-02
2.260000000000000000e+04 5.777834355831146240e-02
2.270000000000000000e+04 5.809605866670608521e-02
2.280000000000000000e+04 5.855591222643852234e-02
2.290000000000000000e+04 5.750482901930809021e-02
2.300000000000000000e+04 5.677217245101928711e-02
2.310000000000000000e+04 5.557345971465110779e-02
2.320000000000000000e+04 5.780376866459846497e-02
2.330000000000000000e+04 5.571883544325828552e-02
2.340000000000000000e+04 5.577233061194419861e-02
2.350000000000000000e+04 5.685402452945709229e-02
2.360000000000000000e+04 5.646118149161338806e-02
2.370000000000000000e+04 5.439295992255210876e-02
2.380000000000000000e+04 5.581648647785186768e-02
2.390000000000000000e+04 5.445081740617752075e-02
2.400000000000000000e+04 5.633325129747390747e-02
2.410000000000000000e+04 5.547533556818962097e-02
2.420000000000000000e+04 5.626340210437774658e-02
2.430000000000000000e+04 5.496262013912200928e-02
2.440000000000000000e+04 5.593002587556838989e-02
2.450000000000000000e+04 5.563604831695556641e-02
2.460000000000000000e+04 5.441335961222648621e-02
2.470000000000000000e+04 5.594646558165550232e-02
2.480000000000000000e+04 5.512018501758575439e-02
2.490000000000000000e+04 5.598372593522071838e-02
2.500000000000000000e+04 5.577422678470611572e-02
2.510000000000000000e+04 5.546029284596443176e-02
2.520000000000000000e+04 5.543096736073493958e-02
2.530000000000000000e+04 5.354421958327293396e-02
2.540000000000000000e+04 5.568986013531684875e-02
2.550000000000000000e+04 5.492123588919639587e-02
2.560000000000000000e+04 5.409852415323257446e-02
2.570000000000000000e+04 5.561506375670433044e-02
2.580000000000000000e+04 5.429521948099136353e-02
2.590000000000000000e+04 5.397389829158782959e-02
2.600000000000000000e+04 5.463638529181480408e-02
2.610000000000000000e+04 5.478735268115997314e-02
2.620000000000000000e+04 5.417028442025184631e-02
2.630000000000000000e+04 5.408838763833045959e-02
2.640000000000000000e+04 5.363124236464500427e-02
2.650000000000000000e+04 5.539046600461006165e-02
2.660000000000000000e+04 5.334737151861190796e-02
2.670000000000000000e+04 5.290829762816429138e-02
2.680000000000000000e+04 5.222060158848762512e-02
2.690000000000000000e+04 5.284029245376586914e-02
2.700000000000000000e+04 5.379772931337356567e-02
2.710000000000000000e+04 5.364160984754562378e-02
2.720000000000000000e+04 5.306669324636459351e-02
2.730000000000000000e+04 5.296630039811134338e-02
2.740000000000000000e+04 5.352748185396194458e-02
2.750000000000000000e+04 5.259692668914794922e-02
2.760000000000000000e+04 5.360962450504302979e-02
2.770000000000000000e+04 5.406291782855987549e-02
2.780000000000000000e+04 5.419398099184036255e-02
2.790000000000000000e+04 5.324576795101165771e-02
2.800000000000000000e+04 5.267947539687156677e-02
2.810000000000000000e+04 5.219930037856101990e-02
2.820000000000000000e+04 5.320442840456962585e-02
2.830000000000000000e+04 5.371404811739921570e-02
2.840000000000000000e+04 5.177498236298561096e-02
2.850000000000000000e+04 5.204292014241218567e-02
2.860000000000000000e+04 5.167459696531295776e-02
2.870000000000000000e+04 5.215267837047576904e-02
2.880000000000000000e+04 5.148152261972427368e-02
2.890000000000000000e+04 5.283053591847419739e-02
2.900000000000000000e+04 5.128383636474609375e-02
2.910000000000000000e+04 5.018033459782600403e-02
2.920000000000000000e+04 5.273938551545143127e-02
2.930000000000000000e+04 5.154133215546607971e-02
2.940000000000000000e+04 5.118706449866294861e-02
2.950000000000000000e+04 5.150649696588516235e-02
2.960000000000000000e+04 5.189352855086326599e-02
2.970000000000000000e+04 5.162203684449195862e-02
2.980000000000000000e+04 5.088908597826957703e-02
2.990000000000000000e+04 5.292358621954917908e-02
3.000000000000000000e+04 5.134005472064018250e-02
3.010000000000000000e+04 5.143392086029052734e-02
3.020000000000000000e+04 5.129293352365493774e-02
3.030000000000000000e+04 5.116559937596321106e-02
3.040000000000000000e+04 5.089265480637550354e-02
3.050000000000000000e+04 5.121187865734100342e-02
3.060000000000000000e+04 5.178658664226531982e-02
3.070000000000000000e+04 5.164107307791709900e-02
3.080000000000000000e+04 5.103437975049018860e-02
3.090000000000000000e+04 5.060189962387084961e-02
3.100000000000000000e+04 5.027420446276664734e-02
3.110000000000000000e+04 5.071185529232025146e-02
3.120000000000000000e+04 4.998649656772613525e-02
3.130000000000000000e+04 5.109200626611709595e-02
3.140000000000000000e+04 4.969722032546997070e-02
3.150000000000000000e+04 5.081349983811378479e-02
3.160000000000000000e+04 5.159803107380867004e-02
3.170000000000000000e+04 5.165634676814079285e-02
3.180000000000000000e+04 5.039024353027343750e-02
3.190000000000000000e+04 5.097068473696708679e-02
3.200000000000000000e+04 5.101342126727104187e-02
3.210000000000000000e+04 5.086540058255195618e-02
3.220000000000000000e+04 5.106581747531890869e-02
3.230000000000000000e+04 5.089586973190307617e-02
3.240000000000000000e+04 5.068408325314521790e-02
3.250000000000000000e+04 5.017823725938796997e-02
3.260000000000000000e+04 4.993144795298576355e-02
3.270000000000000000e+04 5.012117326259613037e-02
3.280000000000000000e+04 4.927312955260276794e-02
3.290000000000000000e+04 5.104619637131690979e-02
3.300000000000000000e+04 5.110676214098930359e-02
3.310000000000000000e+04 5.030763149261474609e-02
3.320000000000000000e+04 5.034347623586654663e-02
3.330000000000000000e+04 5.054760351777076721e-02
3.340000000000000000e+04 5.125367268919944763e-02
3.350000000000000000e+04 5.006760731339454651e-02
3.360000000000000000e+04 5.059720575809478760e-02
3.370000000000000000e+04 5.053073167800903320e-02
3.380000000000000000e+04 4.978602007031440735e-02
3.390000000000000000e+04 5.021439120173454285e-02
3.400000000000000000e+04 4.972371086478233337e-02
3.410000000000000000e+04 4.987232014536857605e-02
3.420000000000000000e+04 4.984175413846969604e-02
3.430000000000000000e+04 4.940858110785484314e-02
3.440000000000000000e+04 4.881536960601806641e-02
3.450000000000000000e+04 5.008733645081520081e-02
3.460000000000000000e+04 4.959901049733161926e-02
3.470000000000000000e+04 4.966697841882705688e-02
3.480000000000000000e+04 4.987285658717155457e-02
3.490000000000000000e+04 4.967751726508140564e-02
3.500000000000000000e+04 4.956721886992454529e-02
3.510000000000000000e+04 5.050547048449516296e-02
3.520000000000000000e+04 4.919739440083503723e-02
3.530000000000000000e+04 4.930908605456352234e-02
3.540000000000000000e+04 4.927622526884078979e-02
3.550000000000000000e+04 4.928319528698921204e-02
3.560000000000000000e+04 4.843676462769508362e-02
3.570000000000000000e+04 4.871923103928565979e-02
3.580000000000000000e+04 4.860606044530868530e-02
3.590000000000000000e+04 4.867882281541824341e-02
3.600000000000000000e+04 4.947970435023307800e-02
3.610000000000000000e+04 4.942760989069938660e-02
3.620000000000000000e+04 4.892956465482711792e-02
3.630000000000000000e+04 4.906937852501869202e-02
3.640000000000000000e+04 4.882230609655380249e-02
3.650000000000000000e+04 4.897492006421089172e-02
3.660000000000000000e+04 4.984384402632713318e-02
3.670000000000000000e+04 4.927475750446319580e-02
3.680000000000000000e+04 5.010507255792617798e-02
3.690000000000000000e+04 4.930394142866134644e-02
3.700000000000000000e+04 4.951938614249229431e-02
3.710000000000000000e+04 4.880051314830780029e-02
3.720000000000000000e+04 4.916618019342422485e-02
3.730000000000000000e+04 4.925619065761566162e-02
3.740000000000000000e+04 4.942538589239120483e-02
3.750000000000000000e+04 4.877159744501113892e-02
3.760000000000000000e+04 4.923153296113014221e-02
3.770000000000000000e+04 4.837320372462272644e-02
3.780000000000000000e+04 4.872703552246093750e-02
3.790000000000000000e+04 4.821322113275527954e-02
3.800000000000000000e+04 4.927237704396247864e-02
3.810000000000000000e+04 4.872892424464225769e-02
3.820000000000000000e+04 4.870318621397018433e-02
3.830000000000000000e+04 4.933371394872665405e-02
3.840000000000000000e+04 4.891146719455718994e-02
3.850000000000000000e+04 4.924313351511955261e-02
3.860000000000000000e+04 4.907806217670440674e-02
3.870000000000000000e+04 4.884461313486099243e-02
3.880000000000000000e+04 4.790798202157020569e-02
3.890000000000000000e+04 4.863526672124862671e-02
3.900000000000000000e+04 4.847644269466400146e-02
3.910000000000000000e+04 4.949248582124710083e-02
3.920000000000000000e+04 4.893557354807853699e-02
3.930000000000000000e+04 4.855597391724586487e-02
3.940000000000000000e+04 4.850885644555091858e-02
3.950000000000000000e+04 4.770555347204208374e-02
3.960000000000000000e+04 4.855761677026748657e-02
3.970000000000000000e+04 4.816734790802001953e-02
3.980000000000000000e+04 4.873412847518920898e-02
3.990000000000000000e+04 4.833673685789108276e-02
4.000000000000000000e+04 4.799304530024528503e-02
4.010000000000000000e+04 4.800736159086227417e-02
4.020000000000000000e+04 4.832488670945167542e-02
4.030000000000000000e+04 4.843239858746528625e-02
4.040000000000000000e+04 4.807984828948974609e-02
4.050000000000000000e+04 4.786311835050582886e-02
4.060000000000000000e+04 4.762849956750869751e-02
4.070000000000000000e+04 4.800562933087348938e-02
4.080000000000000000e+04 4.791566357016563416e-02
4.090000000000000000e+04 4.789659008383750916e-02
4.100000000000000000e+04 4.821554198861122131e-02
4.110000000000000000e+04 4.815939441323280334e-02
4.120000000000000000e+04 4.824893921613693237e-02
4.130000000000000000e+04 4.823236539959907532e-02
4.140000000000000000e+04 4.821738228201866150e-02
4.150000000000000000e+04 4.799456894397735596e-02
4.160000000000000000e+04 4.747276008129119873e-02
4.170000000000000000e+04 4.818505421280860901e-02
4.180000000000000000e+04 4.849157482385635376e-02
4.190000000000000000e+04 4.806254059076309204e-02
4.200000000000000000e+04 4.818971827626228333e-02
4.210000000000000000e+04 4.791402444243431091e-02
4.220000000000000000e+04 4.794134199619293213e-02
4.230000000000000000e+04 4.781674593687057495e-02
4.240000000000000000e+04 4.775762185454368591e-02
4.250000000000000000e+04 4.772531241178512573e-02
4.260000000000000000e+04 4.798117652535438538e-02
4.270000000000000000e+04 4.766737669706344604e-02
4.280000000000000000e+04 4.817571118474006653e-02
4.290000000000000000e+04 4.798485338687896729e-02
4.300000000000000000e+04 4.756494984030723572e-02
4.310000000000000000e+04 4.763664677739143372e-02
4.320000000000000000e+04 4.781316965818405151e-02
4.330000000000000000e+04 4.810558632016181946e-02
4.340000000000000000e+04 4.765081778168678284e-02
4.350000000000000000e+04 4.794983193278312683e-02
4.360000000000000000e+04 4.717356339097023010e-02
4.370000000000000000e+04 4.744715616106987000e-02
4.380000000000000000e+04 4.763675108551979065e-02
4.390000000000000000e+04 4.750235378742218018e-02
4.400000000000000000e+04 4.706317186355590820e-02
4.410000000000000000e+04 4.747085273265838623e-02
4.420000000000000000e+04 4.764125496149063110e-02
4.430000000000000000e+04 4.764230176806449890e-02
4.440000000000000000e+04 4.712302610278129578e-02
4.450000000000000000e+04 4.725525528192520142e-02
4.460000000000000000e+04 4.797477647662162781e-02
4.470000000000000000e+04 4.732215404510498047e-02
4.480000000000000000e+04 4.732355102896690369e-02
4.490000000000000000e+04 4.716796427965164185e-02
4.500000000000000000e+04 4.774930328130722046e-02
4.510000000000000000e+04 4.794742912054061890e-02
4.520000000000000000e+04 4.748627170920372009e-02
4.530000000000000000e+04 4.732668772339820862e-02
4.540000000000000000e+04 4.746399819850921631e-02
4.550000000000000000e+04 4.752631112933158875e-02
4.560000000000000000e+04 4.800139367580413818e-02
4.570000000000000000e+04 4.766674712300300598e-02
4.580000000000000000e+04 4.808925464749336243e-02
4.590000000000000000e+04 4.772870615124702454e-02
4.600000000000000000e+04 4.738897830247879028e-02
4.610000000000000000e+04 4.755113273859024048e-02
4.620000000000000000e+04 4.733652248978614807e-02
4.630000000000000000e+04 4.713495075702667236e-02
4.640000000000000000e+04 4.737048968672752380e-02
4.650000000000000000e+04 4.745875671505928040e-02
4.660000000000000000e+04 4.722053185105323792e-02
4.670000000000000000e+04 4.771507531404495239e-02
4.680000000000000000e+04 4.740296304225921631e-02
4.690000000000000000e+04 4.718538001179695129e-02
4.700000000000000000e+04 4.768560081720352173e-02
4.710000000000000000e+04 4.701667651534080505e-02
4.720000000000000000e+04 4.729313775897026062e-02
4.730000000000000000e+04 4.733594879508018494e-02
4.740000000000000000e+04 4.724935069680213928e-02
4.750000000000000000e+04 4.744421690702438354e-02
4.760000000000000000e+04 4.743063449859619141e-02
4.770000000000000000e+04 4.732905328273773193e-02
4.780000000000000000e+04 4.756167158484458923e-02
4.790000000000000000e+04 4.694749414920806885e-02
4.800000000000000000e+04 4.730423167347908020e-02
4.810000000000000000e+04 4.712911695241928101e-02
4.820000000000000000e+04 4.704612120985984802e-02
4.830000000000000000e+04 4.714955016970634460e-02
4.840000000000000000e+04 4.715800285339355469e-02
4.850000000000000000e+04 4.702112451195716858e-02
4.860000000000000000e+04 4.710015282034873962e-02
4.870000000000000000e+04 4.689469188451766968e-02
4.880000000000000000e+04 4.726966470479965210e-02
4.890000000000000000e+04 4.727883636951446533e-02
4.900000000000000000e+04 4.701521620154380798e-02
4.910000000000000000e+04 4.699630662798881531e-02
4.920000000000000000e+04 4.715789109468460083e-02
4.930000000000000000e+04 4.707506671547889709e-02
4.940000000000000000e+04 4.736573621630668640e-02
4.950000000000000000e+04 4.740627110004425049e-02
4.960000000000000000e+04 4.703593254089355469e-02
4.970000000000000000e+04 4.717983677983283997e-02
4.980000000000000000e+04 4.738979786634445190e-02
4.990000000000000000e+04 4.714477807283401489e-02
5.000000000000000000e+04 4.709533974528312683e-02
