1.000000000000000000e+00 9.075685501098632812e+00
5.000000000000000000e+02 4.090154170989990234e+00
1.000000000000000000e+03 3.511735916137695312e+00
1.500000000000000000e+03 6.709707260131835938e+00
2.000000000000000000e+03 4.110078811645507812e+00
2.500000000000000000e+03 4.273773670196533203e+00
3.000000000000000000e+03 3.539865255355834961e+00
3.500000000000000000e+03 3.747833728790283203e+00
4.000000000000000000e+03 4.565653324127197266e+00
4.500000000000000000e+03 3.812316417694091797e+00
5.000000000000000000e+03 8.723585128784179688e+00
5.500000000000000000e+03 8.508668899536132812e+00
6.000000000000000000e+03 4.198435306549072266e+00
6.500000000000000000e+03 8.963841438293457031e+00
