1.000000000000000000e+02 nan
2.000000000000000000e+02 2.168395221233367920e-01
5.000000000000000000e+02 4.656778648495674133e-02
1.000000000000000000e+03 4.053340107202529907e-02
1.500000000000000000e+03 5.089075490832328796e-02
2.000000000000000000e+03 3.654326498508453369e-02
2.050000000000000000e+03 3.649533167481422424e-02
2.100000000000000000e+03 3.136376291513442993e-02
2.110000000000000000e+03 3.027636744081974030e-02
2.120000000000000000e+03 3.049700893461704254e-02
2.130000000000000000e+03 3.049096092581748962e-02
2.140000000000000000e+03 2.974871546030044556e-02
2.141000000000000000e+03 2.960509806871414185e-02
2.142000000000000000e+03 2.958755940198898315e-02
2.143000000000000000e+03 2.980597317218780518e-02
2.144000000000000000e+03 2.994616329669952393e-02
2.145000000000000000e+03 3.033162653446197510e-02
2.150000000000000000e+03 3.025492653250694275e-02
2.160000000000000000e+03 3.018659166991710663e-02
2.170000000000000000e+03 3.036425076425075531e-02
2.180000000000000000e+03 3.052884526550769806e-02
2.190000000000000000e+03 3.070844151079654694e-02
2.200000000000000000e+03 2.983814664185047150e-02
2.201000000000000000e+03 3.022371605038642883e-02
2.210000000000000000e+03 3.036342933773994446e-02
2.220000000000000000e+03 2.944512851536273956e-02
2.221000000000000000e+03 2.939341776072978973e-02
2.222000000000000000e+03 2.929528802633285522e-02
2.223000000000000000e+03 2.931210771203041077e-02
2.224000000000000000e+03 2.941595949232578278e-02
2.225000000000000000e+03 2.963573671877384186e-02
2.226000000000000000e+03 2.987676672637462616e-02
2.227000000000000000e+03 3.022211603820323944e-02
2.230000000000000000e+03 2.982414700090885162e-02
2.231000000000000000e+03 2.963295020163059235e-02
2.232000000000000000e+03 2.966061793267726898e-02
2.233000000000000000e+03 2.966777794063091278e-02
2.234000000000000000e+03 2.969561517238616943e-02
2.235000000000000000e+03 2.987449429929256439e-02
2.236000000000000000e+03 2.997297793626785278e-02
2.237000000000000000e+03 2.976424433290958405e-02
2.238000000000000000e+03 2.993715554475784302e-02
2.239000000000000000e+03 3.000875003635883331e-02
2.240000000000000000e+03 2.970447018742561340e-02
2.241000000000000000e+03 3.012845665216445923e-02
2.250000000000000000e+03 2.948054298758506775e-02
2.251000000000000000e+03 2.923515066504478455e-02
2.252000000000000000e+03 2.926365844905376434e-02
2.253000000000000000e+03 2.914132550358772278e-02
2.254000000000000000e+03 2.929091453552246094e-02
2.255000000000000000e+03 2.934761531651020050e-02
2.256000000000000000e+03 2.923697419464588165e-02
2.257000000000000000e+03 2.931785583496093750e-02
2.258000000000000000e+03 2.925627492368221283e-02
2.259000000000000000e+03 2.922246605157852173e-02
2.260000000000000000e+03 2.923339605331420898e-02
2.261000000000000000e+03 2.932763658463954926e-02
2.262000000000000000e+03 2.945848740637302399e-02
2.263000000000000000e+03 2.959316037595272064e-02
2.264000000000000000e+03 2.950423024594783783e-02
2.265000000000000000e+03 2.966959774494171143e-02
2.266000000000000000e+03 2.980601787567138672e-02
2.267000000000000000e+03 2.943444810807704926e-02
2.268000000000000000e+03 2.937133796513080597e-02
2.269000000000000000e+03 2.927378565073013306e-02
2.270000000000000000e+03 2.958107180893421173e-02
2.271000000000000000e+03 2.980039268732070923e-02
2.272000000000000000e+03 2.973605133593082428e-02
2.273000000000000000e+03 3.005427122116088867e-02
2.280000000000000000e+03 2.944038622081279755e-02
2.281000000000000000e+03 2.938020229339599609e-02
2.282000000000000000e+03 2.935024537146091461e-02
2.283000000000000000e+03 2.970989979803562164e-02
2.284000000000000000e+03 3.004207462072372437e-02
2.290000000000000000e+03 2.993256412446498871e-02
2.291000000000000000e+03 2.994231879711151123e-02
2.292000000000000000e+03 2.980115450918674469e-02
2.293000000000000000e+03 2.962602116167545319e-02
2.294000000000000000e+03 2.971472032368183136e-02
2.295000000000000000e+03 2.984447404742240906e-02
2.296000000000000000e+03 2.982846647500991821e-02
2.297000000000000000e+03 2.977953664958477020e-02
2.298000000000000000e+03 2.974361926317214966e-02
2.299000000000000000e+03 2.990677580237388611e-02
2.300000000000000000e+03 2.965393476188182831e-02
2.301000000000000000e+03 2.950648032128810883e-02
2.302000000000000000e+03 2.940353006124496460e-02
2.303000000000000000e+03 2.930502220988273621e-02
2.304000000000000000e+03 2.917294576764106750e-02
2.305000000000000000e+03 2.918522618710994720e-02
2.306000000000000000e+03 2.921781502664089203e-02
2.307000000000000000e+03 2.911227941513061523e-02
2.308000000000000000e+03 2.919432148337364197e-02
2.309000000000000000e+03 2.908342331647872925e-02
2.310000000000000000e+03 2.927787974476814270e-02
2.311000000000000000e+03 2.927806787192821503e-02
2.312000000000000000e+03 2.950827591121196747e-02
2.313000000000000000e+03 2.945164404809474945e-02
2.314000000000000000e+03 2.965759485960006714e-02
2.315000000000000000e+03 2.989466115832328796e-02
2.316000000000000000e+03 2.994766458868980408e-02
2.317000000000000000e+03 3.023442067205905914e-02
2.320000000000000000e+03 2.968974597752094269e-02
2.321000000000000000e+03 2.955438941717147827e-02
2.322000000000000000e+03 2.964690700173377991e-02
2.323000000000000000e+03 2.982724644243717194e-02
2.324000000000000000e+03 2.999136224389076233e-02
2.325000000000000000e+03 2.996115200221538544e-02
2.326000000000000000e+03 2.986988984048366547e-02
2.327000000000000000e+03 2.941975183784961700e-02
2.328000000000000000e+03 2.936267293989658356e-02
2.329000000000000000e+03 2.985875122249126434e-02
2.330000000000000000e+03 2.963072061538696289e-02
2.331000000000000000e+03 2.951489202678203583e-02
2.332000000000000000e+03 2.958978340029716492e-02
2.333000000000000000e+03 2.949539013206958771e-02
2.334000000000000000e+03 2.922969870269298553e-02
2.335000000000000000e+03 2.915729582309722900e-02
2.336000000000000000e+03 2.924423851072788239e-02
2.337000000000000000e+03 2.941360697150230408e-02
2.338000000000000000e+03 2.950574643909931183e-02
2.339000000000000000e+03 2.947311475872993469e-02
2.340000000000000000e+03 2.963821403682231903e-02
2.341000000000000000e+03 2.961200661957263947e-02
2.342000000000000000e+03 2.989182062447071075e-02
2.343000000000000000e+03 2.983528189361095428e-02
2.344000000000000000e+03 3.001305647194385529e-02
2.350000000000000000e+03 2.972144633531570435e-02
2.351000000000000000e+03 2.996857464313507080e-02
2.352000000000000000e+03 2.952709607779979706e-02
2.353000000000000000e+03 2.992600388824939728e-02
2.354000000000000000e+03 2.964937686920166016e-02
2.355000000000000000e+03 2.992728166282176971e-02
2.356000000000000000e+03 3.002697415649890900e-02
2.360000000000000000e+03 2.974587120115756989e-02
2.361000000000000000e+03 2.996429055929183960e-02
2.362000000000000000e+03 2.977428585290908813e-02
2.363000000000000000e+03 2.965239062905311584e-02
2.364000000000000000e+03 2.992401644587516785e-02
2.365000000000000000e+03 3.010397404432296753e-02
2.370000000000000000e+03 3.074809350073337555e-02
2.380000000000000000e+03 2.969117090106010437e-02
2.381000000000000000e+03 3.000245243310928345e-02
2.390000000000000000e+03 2.993663027882575989e-02
2.391000000000000000e+03 2.985701709985733032e-02
2.392000000000000000e+03 2.977669797837734222e-02
2.393000000000000000e+03 2.960978448390960693e-02
2.394000000000000000e+03 3.009648807346820831e-02
2.400000000000000000e+03 2.943262830376625061e-02
2.401000000000000000e+03 2.934235520660877228e-02
2.402000000000000000e+03 2.923061884939670563e-02
2.403000000000000000e+03 2.923744171857833862e-02
2.404000000000000000e+03 2.968794852495193481e-02
2.405000000000000000e+03 2.955337241291999817e-02
2.406000000000000000e+03 2.925530448555946350e-02
2.407000000000000000e+03 2.966051176190376282e-02
2.408000000000000000e+03 2.941911295056343079e-02
2.409000000000000000e+03 2.946894615888595581e-02
2.410000000000000000e+03 2.971430867910385132e-02
2.411000000000000000e+03 2.964539267122745514e-02
2.412000000000000000e+03 2.998975105583667755e-02
2.413000000000000000e+03 2.997758798301219940e-02
2.414000000000000000e+03 3.005264699459075928e-02
2.420000000000000000e+03 3.057108074426651001e-02
2.430000000000000000e+03 2.999298833310604095e-02
2.431000000000000000e+03 3.050342574715614319e-02
2.440000000000000000e+03 2.959023788571357727e-02
2.441000000000000000e+03 2.999222464859485626e-02
2.442000000000000000e+03 2.992203086614608765e-02
2.443000000000000000e+03 3.021276742219924927e-02
2.450000000000000000e+03 2.939121238887310028e-02
2.451000000000000000e+03 2.947843633592128754e-02
2.452000000000000000e+03 2.966734021902084351e-02
2.453000000000000000e+03 2.999356761574745178e-02
2.454000000000000000e+03 2.991853654384613037e-02
2.455000000000000000e+03 2.995348721742630005e-02
2.456000000000000000e+03 2.990647777915000916e-02
2.457000000000000000e+03 2.969924733042716980e-02
2.458000000000000000e+03 2.958401292562484741e-02
2.459000000000000000e+03 2.934847027063369751e-02
2.460000000000000000e+03 2.945574745535850525e-02
2.461000000000000000e+03 2.932542562484741211e-02
2.462000000000000000e+03 2.940342202782630920e-02
2.463000000000000000e+03 2.936788834631443024e-02
2.464000000000000000e+03 2.923124842345714569e-02
2.465000000000000000e+03 2.930852025747299194e-02
2.466000000000000000e+03 2.913883700966835022e-02
2.467000000000000000e+03 2.907050773501396179e-02
2.468000000000000000e+03 2.926837839186191559e-02
2.469000000000000000e+03 2.929985523223876953e-02
2.470000000000000000e+03 2.903220802545547485e-02
2.471000000000000000e+03 2.909361571073532104e-02
2.472000000000000000e+03 2.904231846332550049e-02
2.473000000000000000e+03 2.907485887408256531e-02
2.474000000000000000e+03 2.895319275557994843e-02
2.475000000000000000e+03 2.899847179651260376e-02
2.476000000000000000e+03 2.916358038783073425e-02
2.477000000000000000e+03 2.943295054137706757e-02
2.478000000000000000e+03 2.927299216389656067e-02
2.479000000000000000e+03 2.934985421597957611e-02
2.480000000000000000e+03 2.939577028155326843e-02
2.481000000000000000e+03 2.944706380367279053e-02
2.482000000000000000e+03 2.974410727620124817e-02
2.483000000000000000e+03 3.006338514387607574e-02
2.490000000000000000e+03 2.990613132715225220e-02
2.491000000000000000e+03 3.023196756839752197e-02
2.500000000000000000e+03 2.956324815750122070e-02
2.501000000000000000e+03 2.970908582210540771e-02
2.502000000000000000e+03 2.968058548867702484e-02
2.503000000000000000e+03 2.963334508240222931e-02
2.504000000000000000e+03 2.958357520401477814e-02
2.505000000000000000e+03 2.977343089878559113e-02
2.506000000000000000e+03 2.995398826897144318e-02
2.507000000000000000e+03 3.027990646660327911e-02
2.510000000000000000e+03 2.995440736413002014e-02
2.511000000000000000e+03 2.972150407731533051e-02
2.512000000000000000e+03 2.973902225494384766e-02
2.513000000000000000e+03 2.993688546121120453e-02
2.514000000000000000e+03 2.994866110384464264e-02
2.515000000000000000e+03 2.979462593793869019e-02
2.516000000000000000e+03 2.955764718353748322e-02
2.517000000000000000e+03 2.957764640450477600e-02
2.518000000000000000e+03 2.974533289670944214e-02
2.519000000000000000e+03 2.986284345388412476e-02
2.520000000000000000e+03 2.955187857151031494e-02
2.521000000000000000e+03 2.928464859724044800e-02
2.522000000000000000e+03 2.949942275881767273e-02
2.523000000000000000e+03 2.944524958729743958e-02
2.524000000000000000e+03 2.946790866553783417e-02
2.525000000000000000e+03 2.957970090210437775e-02
2.526000000000000000e+03 2.947717718780040741e-02
2.527000000000000000e+03 2.955942600965499878e-02
2.528000000000000000e+03 2.962592802941799164e-02
2.529000000000000000e+03 2.975939214229583740e-02
2.530000000000000000e+03 2.999138832092285156e-02
2.531000000000000000e+03 3.048527799546718597e-02
2.540000000000000000e+03 3.017200715839862823e-02
2.550000000000000000e+03 3.023636154830455780e-02
2.560000000000000000e+03 2.998687513172626495e-02
2.561000000000000000e+03 2.997020632028579712e-02
2.562000000000000000e+03 3.008114360272884369e-02
2.570000000000000000e+03 2.906652726233005524e-02
2.571000000000000000e+03 2.902017347514629364e-02
2.572000000000000000e+03 2.909919060766696930e-02
2.573000000000000000e+03 2.893780544400215149e-02
2.574000000000000000e+03 2.890666760504245758e-02
2.575000000000000000e+03 2.908382378518581390e-02
2.576000000000000000e+03 2.890919707715511322e-02
2.577000000000000000e+03 2.891640923917293549e-02
2.578000000000000000e+03 2.888402529060840607e-02
2.579000000000000000e+03 2.898963540792465210e-02
2.580000000000000000e+03 2.893383800983428955e-02
2.581000000000000000e+03 2.892755530774593353e-02
2.582000000000000000e+03 2.918490581214427948e-02
2.583000000000000000e+03 2.932255715131759644e-02
2.584000000000000000e+03 2.966813743114471436e-02
2.585000000000000000e+03 2.951175719499588013e-02
2.586000000000000000e+03 2.971996366977691650e-02
2.587000000000000000e+03 2.964940480887889862e-02
2.588000000000000000e+03 2.948020026087760925e-02
2.589000000000000000e+03 2.951047942042350769e-02
2.590000000000000000e+03 2.943004295229911804e-02
2.591000000000000000e+03 2.973082475364208221e-02
2.592000000000000000e+03 2.978899702429771423e-02
2.593000000000000000e+03 2.964439801871776581e-02
2.594000000000000000e+03 2.952023223042488098e-02
2.595000000000000000e+03 2.980464510619640350e-02
2.596000000000000000e+03 2.998343482613563538e-02
2.597000000000000000e+03 2.971923910081386566e-02
2.598000000000000000e+03 2.933464013040065765e-02
2.599000000000000000e+03 2.925918810069561005e-02
2.600000000000000000e+03 2.909281104803085327e-02
2.601000000000000000e+03 2.908781915903091431e-02
2.602000000000000000e+03 2.918676845729351044e-02
2.603000000000000000e+03 2.935602702200412750e-02
2.604000000000000000e+03 2.957197278738021851e-02
2.605000000000000000e+03 2.938557229936122894e-02
2.606000000000000000e+03 2.960147894918918610e-02
2.607000000000000000e+03 2.969953231513500214e-02
2.608000000000000000e+03 2.971396967768669128e-02
2.609000000000000000e+03 2.983919531106948853e-02
2.610000000000000000e+03 2.983924187719821930e-02
2.611000000000000000e+03 2.955933660268783569e-02
2.612000000000000000e+03 2.927467785775661469e-02
2.613000000000000000e+03 2.941317483782768250e-02
2.614000000000000000e+03 2.946001477539539337e-02
2.615000000000000000e+03 2.957201004028320312e-02
2.616000000000000000e+03 2.974419668316841125e-02
2.617000000000000000e+03 2.991588599979877472e-02
2.618000000000000000e+03 3.007004782557487488e-02
2.620000000000000000e+03 2.945245988667011261e-02
2.621000000000000000e+03 2.955096960067749023e-02
2.622000000000000000e+03 2.965211123228073120e-02
2.623000000000000000e+03 2.976581268012523651e-02
2.624000000000000000e+03 3.003907017409801483e-02
2.630000000000000000e+03 2.982915379106998444e-02
2.631000000000000000e+03 2.986584976315498352e-02
2.632000000000000000e+03 2.978337742388248444e-02
2.633000000000000000e+03 3.020627237856388092e-02
2.640000000000000000e+03 3.009403683245182037e-02
2.650000000000000000e+03 2.968954294919967651e-02
2.651000000000000000e+03 2.943491004407405853e-02
2.652000000000000000e+03 2.922813221812248230e-02
2.653000000000000000e+03 2.925161831080913544e-02
2.654000000000000000e+03 2.953351661562919617e-02
2.655000000000000000e+03 2.937468700110912323e-02
2.656000000000000000e+03 2.939360588788986206e-02
2.657000000000000000e+03 2.928443439304828644e-02
2.658000000000000000e+03 2.940857969224452972e-02
2.659000000000000000e+03 2.948594093322753906e-02
2.660000000000000000e+03 2.938268333673477173e-02
2.661000000000000000e+03 2.944545261561870575e-02
2.662000000000000000e+03 2.920917980372905731e-02
2.663000000000000000e+03 2.932292781770229340e-02
2.664000000000000000e+03 2.986917644739151001e-02
2.665000000000000000e+03 3.006268665194511414e-02
2.670000000000000000e+03 2.945784106850624084e-02
2.671000000000000000e+03 2.951182797551155090e-02
2.672000000000000000e+03 2.972797118127346039e-02
2.673000000000000000e+03 2.977412007749080658e-02
2.674000000000000000e+03 2.979683876037597656e-02
2.675000000000000000e+03 2.959833107888698578e-02
2.676000000000000000e+03 2.959725633263587952e-02
2.677000000000000000e+03 2.961262501776218414e-02
2.678000000000000000e+03 2.950621582567691803e-02
2.679000000000000000e+03 2.954535186290740967e-02
2.680000000000000000e+03 2.994004264473915100e-02
2.681000000000000000e+03 2.978481352329254150e-02
2.682000000000000000e+03 2.958051115274429321e-02
2.683000000000000000e+03 2.954459190368652344e-02
2.684000000000000000e+03 2.969195321202278137e-02
2.685000000000000000e+03 2.991750091314315796e-02
2.686000000000000000e+03 2.960331179201602936e-02
2.687000000000000000e+03 2.990623749792575836e-02
2.688000000000000000e+03 3.026053495705127716e-02
2.690000000000000000e+03 3.046876750886440277e-02
2.700000000000000000e+03 3.005715645849704742e-02
2.710000000000000000e+03 2.960734069347381592e-02
2.711000000000000000e+03 2.948883362114429474e-02
2.712000000000000000e+03 2.953961305320262909e-02
2.713000000000000000e+03 2.967162057757377625e-02
2.714000000000000000e+03 2.977362461388111115e-02
2.715000000000000000e+03 2.984940446913242340e-02
2.716000000000000000e+03 3.025360032916069031e-02
2.720000000000000000e+03 3.060458973050117493e-02
2.730000000000000000e+03 2.948026359081268311e-02
2.731000000000000000e+03 2.927900478243827820e-02
2.732000000000000000e+03 2.952552400529384613e-02
2.733000000000000000e+03 2.930411510169506073e-02
2.734000000000000000e+03 2.937948144972324371e-02
2.735000000000000000e+03 2.928801067173480988e-02
2.736000000000000000e+03 2.928947843611240387e-02
2.737000000000000000e+03 2.962787449359893799e-02
2.738000000000000000e+03 2.934722974896430969e-02
2.739000000000000000e+03 2.940530329942703247e-02
2.740000000000000000e+03 2.962030097842216492e-02
2.741000000000000000e+03 2.938191220164299011e-02
2.742000000000000000e+03 2.949162013828754425e-02
2.743000000000000000e+03 2.950934693217277527e-02
2.744000000000000000e+03 2.938956208527088165e-02
2.745000000000000000e+03 2.936693653464317322e-02
2.746000000000000000e+03 2.939506620168685913e-02
2.747000000000000000e+03 2.930875867605209351e-02
2.748000000000000000e+03 2.952426113188266754e-02
2.749000000000000000e+03 2.990116178989410400e-02
2.750000000000000000e+03 2.982059866189956665e-02
2.751000000000000000e+03 2.995491959154605865e-02
2.752000000000000000e+03 2.971525117754936218e-02
2.753000000000000000e+03 2.963212504982948303e-02
2.754000000000000000e+03 2.953125908970832825e-02
2.755000000000000000e+03 2.979137189686298370e-02
2.756000000000000000e+03 2.935957349836826324e-02
2.757000000000000000e+03 2.934324182569980621e-02
2.758000000000000000e+03 2.925898507237434387e-02
2.759000000000000000e+03 2.927786111831665039e-02
2.760000000000000000e+03 2.927795425057411194e-02
2.761000000000000000e+03 2.913596667349338531e-02
2.762000000000000000e+03 2.898652106523513794e-02
2.763000000000000000e+03 2.904739789664745331e-02
2.764000000000000000e+03 2.896889857947826385e-02
2.765000000000000000e+03 2.896036952733993530e-02
2.766000000000000000e+03 2.893995679914951324e-02
2.767000000000000000e+03 2.894441038370132446e-02
2.768000000000000000e+03 2.892459370195865631e-02
2.769000000000000000e+03 2.900201268494129181e-02
2.770000000000000000e+03 2.896956726908683777e-02
2.771000000000000000e+03 2.895779535174369812e-02
2.772000000000000000e+03 2.892893366515636444e-02
2.773000000000000000e+03 2.892961353063583374e-02
2.774000000000000000e+03 2.903435006737709045e-02
2.775000000000000000e+03 2.922928519546985626e-02
2.776000000000000000e+03 2.937375009059906006e-02
2.777000000000000000e+03 2.946689352393150330e-02
2.778000000000000000e+03 2.946778386831283569e-02
2.779000000000000000e+03 2.988109178841114044e-02
2.780000000000000000e+03 3.006164357066154480e-02
2.790000000000000000e+03 3.016491606831550598e-02
2.800000000000000000e+03 2.969877980649471283e-02
2.801000000000000000e+03 2.973865531384944916e-02
2.802000000000000000e+03 2.994044125080108643e-02
2.803000000000000000e+03 2.993256784975528717e-02
2.804000000000000000e+03 2.992459759116172791e-02
2.805000000000000000e+03 2.980440109968185425e-02
2.806000000000000000e+03 2.944447472691535950e-02
2.807000000000000000e+03 2.934237569570541382e-02
2.808000000000000000e+03 2.929137647151947021e-02
2.809000000000000000e+03 2.924668230116367340e-02
2.810000000000000000e+03 2.928455360233783722e-02
2.811000000000000000e+03 2.938970550894737244e-02
2.812000000000000000e+03 2.919758297502994537e-02
2.813000000000000000e+03 2.950039319694042206e-02
2.814000000000000000e+03 2.969872951507568359e-02
2.815000000000000000e+03 2.988806925714015961e-02
2.816000000000000000e+03 3.001793846487998962e-02
2.820000000000000000e+03 2.974347397685050964e-02
2.821000000000000000e+03 2.982675284147262573e-02
2.822000000000000000e+03 2.983721718192100525e-02
2.823000000000000000e+03 2.962649799883365631e-02
2.824000000000000000e+03 3.007744252681732178e-02
2.830000000000000000e+03 3.031277842819690704e-02
2.840000000000000000e+03 2.945910021662712097e-02
2.841000000000000000e+03 2.961555495858192444e-02
2.842000000000000000e+03 2.958227135241031647e-02
2.843000000000000000e+03 2.965164929628372192e-02
2.844000000000000000e+03 3.007709234952926636e-02
2.850000000000000000e+03 2.995622903108596802e-02
2.851000000000000000e+03 3.036826662719249725e-02
2.860000000000000000e+03 3.045512177050113678e-02
2.870000000000000000e+03 2.991921268403530121e-02
2.871000000000000000e+03 2.963068336248397827e-02
2.872000000000000000e+03 3.017937019467353821e-02
2.880000000000000000e+03 2.953080087900161743e-02
2.881000000000000000e+03 2.923461236059665680e-02
2.882000000000000000e+03 2.912902273237705231e-02
2.883000000000000000e+03 2.920836210250854492e-02
2.884000000000000000e+03 2.950933948159217834e-02
2.885000000000000000e+03 2.947079017758369446e-02
2.886000000000000000e+03 2.954793162643909454e-02
2.887000000000000000e+03 2.964282780885696411e-02
2.888000000000000000e+03 2.978503145277500153e-02
2.889000000000000000e+03 2.946708910167217255e-02
2.890000000000000000e+03 2.913265675306320190e-02
2.891000000000000000e+03 2.909273654222488403e-02
2.892000000000000000e+03 2.928455360233783722e-02
2.893000000000000000e+03 2.960378117859363556e-02
2.894000000000000000e+03 2.947185933589935303e-02
2.895000000000000000e+03 2.934792265295982361e-02
2.896000000000000000e+03 2.983207255601882935e-02
2.897000000000000000e+03 2.993207611143589020e-02
2.898000000000000000e+03 2.977318130433559418e-02
2.899000000000000000e+03 2.951896190643310547e-02
2.900000000000000000e+03 2.929815836250782013e-02
2.901000000000000000e+03 2.952870167791843414e-02
2.902000000000000000e+03 2.940672077238559723e-02
2.903000000000000000e+03 2.958292700350284576e-02
2.904000000000000000e+03 2.964979223906993866e-02
2.905000000000000000e+03 2.983734384179115295e-02
2.906000000000000000e+03 2.980830706655979156e-02
2.907000000000000000e+03 2.962518297135829926e-02
2.908000000000000000e+03 2.960629388689994812e-02
2.909000000000000000e+03 2.967084385454654694e-02
2.910000000000000000e+03 2.933115512132644653e-02
2.911000000000000000e+03 2.946725301444530487e-02
2.912000000000000000e+03 2.948460169136524200e-02
2.913000000000000000e+03 2.937089838087558746e-02
2.914000000000000000e+03 2.924651093780994415e-02
2.915000000000000000e+03 2.905370481312274933e-02
2.916000000000000000e+03 2.909685671329498291e-02
2.917000000000000000e+03 2.906878292560577393e-02
2.918000000000000000e+03 2.921949699521064758e-02
2.919000000000000000e+03 2.935228869318962097e-02
2.920000000000000000e+03 2.928211912512779236e-02
2.921000000000000000e+03 2.921603247523307800e-02
2.922000000000000000e+03 2.922683395445346832e-02
2.923000000000000000e+03 2.934560924768447876e-02
2.924000000000000000e+03 2.964620105922222137e-02
2.925000000000000000e+03 2.975139208137989044e-02
2.926000000000000000e+03 2.972363866865634918e-02
2.927000000000000000e+03 2.991054579615592957e-02
2.928000000000000000e+03 2.988492697477340698e-02
2.929000000000000000e+03 3.021679073572158813e-02
2.930000000000000000e+03 3.004057891666889191e-02
2.940000000000000000e+03 3.018212318420410156e-02
2.950000000000000000e+03 2.916871011257171631e-02
2.951000000000000000e+03 2.922006137669086456e-02
2.952000000000000000e+03 2.929231151938438416e-02
2.953000000000000000e+03 2.961364947259426117e-02
2.954000000000000000e+03 2.982825972139835358e-02
2.955000000000000000e+03 2.951392717659473419e-02
2.956000000000000000e+03 2.921330742537975311e-02
2.957000000000000000e+03 2.926343865692615509e-02
2.958000000000000000e+03 2.943073026835918427e-02
2.959000000000000000e+03 2.953009866178035736e-02
2.960000000000000000e+03 2.946875616908073425e-02
2.961000000000000000e+03 2.941557392477989197e-02
2.962000000000000000e+03 2.939586713910102844e-02
2.963000000000000000e+03 2.978072687983512878e-02
2.964000000000000000e+03 2.971622534096240997e-02
2.965000000000000000e+03 2.981249056756496429e-02
2.966000000000000000e+03 3.018731437623500824e-02
2.970000000000000000e+03 2.973894588649272919e-02
2.971000000000000000e+03 2.999772876501083374e-02
2.972000000000000000e+03 2.997800335288047791e-02
2.973000000000000000e+03 2.987534925341606140e-02
2.974000000000000000e+03 2.996668033301830292e-02
2.975000000000000000e+03 3.045018762350082397e-02
2.980000000000000000e+03 3.119132295250892639e-02
2.990000000000000000e+03 3.035559132695198059e-02
3.000000000000000000e+03 3.007882647216320038e-02
3.010000000000000000e+03 3.112056478857994080e-02
3.020000000000000000e+03 3.055209107697010040e-02
3.030000000000000000e+03 3.045134618878364563e-02
3.040000000000000000e+03 2.940906956791877747e-02
3.041000000000000000e+03 2.935220301151275635e-02
3.042000000000000000e+03 2.941962331533432007e-02
3.043000000000000000e+03 2.933996170759201050e-02
3.044000000000000000e+03 2.921098284423351288e-02
3.045000000000000000e+03 2.923208288848400116e-02
3.046000000000000000e+03 2.926238626241683960e-02
3.047000000000000000e+03 2.941278927028179169e-02
3.048000000000000000e+03 2.952306345105171204e-02
3.049000000000000000e+03 2.954337745904922485e-02
3.050000000000000000e+03 2.943481132388114929e-02
3.051000000000000000e+03 2.959159575402736664e-02
3.052000000000000000e+03 2.984235063195228577e-02
3.053000000000000000e+03 2.996093966066837311e-02
3.054000000000000000e+03 3.031202591955661774e-02
3.060000000000000000e+03 3.015014901757240295e-02
3.070000000000000000e+03 3.054059483110904694e-02
3.080000000000000000e+03 3.095237165689468384e-02
3.090000000000000000e+03 2.949535660445690155e-02
3.091000000000000000e+03 2.950694970786571503e-02
3.092000000000000000e+03 2.973498404026031494e-02
3.093000000000000000e+03 2.958316728472709656e-02
3.094000000000000000e+03 3.000333532691001892e-02
3.100000000000000000e+03 2.982932887971401215e-02
3.101000000000000000e+03 2.985623292624950409e-02
3.102000000000000000e+03 2.975877374410629272e-02
3.103000000000000000e+03 2.977546676993370056e-02
3.104000000000000000e+03 2.976875938475131989e-02
3.105000000000000000e+03 2.985456213355064392e-02
3.106000000000000000e+03 2.997456863522529602e-02
3.107000000000000000e+03 2.985095046460628510e-02
3.108000000000000000e+03 2.985284291207790375e-02
3.109000000000000000e+03 2.953777834773063660e-02
3.110000000000000000e+03 2.947786264121532440e-02
3.111000000000000000e+03 2.929428964853286743e-02
3.112000000000000000e+03 2.934712730348110199e-02
3.113000000000000000e+03 2.960289269685745239e-02
3.114000000000000000e+03 2.960356883704662323e-02
3.115000000000000000e+03 2.960832789540290833e-02
3.116000000000000000e+03 2.963239885866641998e-02
3.117000000000000000e+03 2.971436455845832825e-02
3.118000000000000000e+03 2.962817251682281494e-02
3.119000000000000000e+03 2.984594739973545074e-02
3.120000000000000000e+03 2.969344332814216614e-02
3.121000000000000000e+03 2.943008206784725189e-02
3.122000000000000000e+03 2.958081476390361786e-02
3.123000000000000000e+03 2.953925542533397675e-02
3.124000000000000000e+03 2.943104319274425507e-02
3.125000000000000000e+03 2.926591411232948303e-02
3.126000000000000000e+03 2.928275987505912781e-02
3.127000000000000000e+03 2.934754453599452972e-02
3.128000000000000000e+03 2.932067587971687317e-02
3.129000000000000000e+03 2.925412729382514954e-02
3.130000000000000000e+03 2.914227731525897980e-02
3.131000000000000000e+03 2.913114801049232483e-02
3.132000000000000000e+03 2.918667718768119812e-02
3.133000000000000000e+03 2.916392125189304352e-02
3.134000000000000000e+03 2.913458831608295441e-02
3.135000000000000000e+03 2.914527244865894318e-02
3.136000000000000000e+03 2.912714332342147827e-02
3.137000000000000000e+03 2.914805151522159576e-02
3.138000000000000000e+03 2.917247265577316284e-02
3.139000000000000000e+03 2.912351116538047791e-02
3.140000000000000000e+03 2.910923957824707031e-02
3.141000000000000000e+03 2.914821542799472809e-02
3.142000000000000000e+03 2.914913929998874664e-02
3.143000000000000000e+03 2.915950864553451538e-02
3.144000000000000000e+03 2.918291091918945312e-02
3.145000000000000000e+03 2.919475361704826355e-02
3.146000000000000000e+03 2.917813509702682495e-02
3.147000000000000000e+03 2.913629822432994843e-02
3.148000000000000000e+03 2.914020791649818420e-02
3.149000000000000000e+03 2.925075963139533997e-02
3.150000000000000000e+03 2.925111725926399231e-02
3.151000000000000000e+03 2.922774106264114380e-02
3.152000000000000000e+03 2.926775999367237091e-02
3.153000000000000000e+03 2.927176468074321747e-02
3.154000000000000000e+03 2.932703681290149689e-02
3.155000000000000000e+03 2.922135405242443085e-02
3.156000000000000000e+03 2.931749820709228516e-02
3.157000000000000000e+03 2.945984527468681335e-02
3.158000000000000000e+03 2.997993491590023041e-02
3.159000000000000000e+03 2.981431037187576294e-02
3.160000000000000000e+03 3.000391460955142975e-02
3.170000000000000000e+03 2.951057255268096924e-02
3.171000000000000000e+03 2.953420579433441162e-02
3.172000000000000000e+03 2.965973876416683197e-02
3.173000000000000000e+03 2.951675653457641602e-02
3.174000000000000000e+03 2.924182265996932983e-02
3.175000000000000000e+03 2.917442284524440765e-02
3.176000000000000000e+03 2.925991080701351166e-02
3.177000000000000000e+03 2.929657138884067535e-02
3.178000000000000000e+03 2.934844419360160828e-02
3.179000000000000000e+03 2.915866300463676453e-02
3.180000000000000000e+03 2.920944616198539734e-02
3.181000000000000000e+03 2.935326285660266876e-02
3.182000000000000000e+03 2.937294170260429382e-02
3.183000000000000000e+03 2.949587255716323853e-02
3.184000000000000000e+03 2.952574752271175385e-02
3.185000000000000000e+03 2.968214079737663269e-02
3.186000000000000000e+03 2.970303781330585480e-02
3.187000000000000000e+03 2.977561950683593750e-02
3.188000000000000000e+03 3.000028803944587708e-02
3.190000000000000000e+03 2.994281612336635590e-02
3.191000000000000000e+03 2.996923960745334625e-02
3.192000000000000000e+03 2.987706661224365234e-02
3.193000000000000000e+03 2.966739609837532043e-02
3.194000000000000000e+03 2.978792414069175720e-02
3.195000000000000000e+03 2.966663800179958344e-02
3.196000000000000000e+03 2.960970625281333923e-02
3.197000000000000000e+03 2.958870120346546173e-02
3.198000000000000000e+03 2.937679365277290344e-02
3.199000000000000000e+03 2.928208373486995697e-02
3.200000000000000000e+03 2.931136079132556915e-02
3.201000000000000000e+03 2.930640056729316711e-02
3.202000000000000000e+03 2.925101481378078461e-02
3.203000000000000000e+03 2.921204827725887299e-02
3.204000000000000000e+03 2.931667864322662354e-02
3.205000000000000000e+03 2.925575338304042816e-02
3.206000000000000000e+03 2.943085692822933197e-02
3.207000000000000000e+03 2.958005666732788086e-02
3.208000000000000000e+03 2.955496311187744141e-02
3.209000000000000000e+03 2.957602217793464661e-02
3.210000000000000000e+03 2.967302314937114716e-02
3.211000000000000000e+03 2.988694235682487488e-02
3.212000000000000000e+03 2.950305677950382233e-02
3.213000000000000000e+03 2.961874939501285553e-02
3.214000000000000000e+03 2.929680608212947845e-02
3.215000000000000000e+03 2.930124290287494659e-02
3.216000000000000000e+03 2.921894378960132599e-02
3.217000000000000000e+03 2.922690100967884064e-02
3.218000000000000000e+03 2.920788712799549103e-02
3.219000000000000000e+03 2.922797203063964844e-02
3.220000000000000000e+03 2.925490587949752808e-02
3.221000000000000000e+03 2.930404245853424072e-02
3.222000000000000000e+03 2.925976365804672241e-02
3.223000000000000000e+03 2.935669571161270142e-02
3.224000000000000000e+03 2.937513031065464020e-02
3.225000000000000000e+03 2.944589406251907349e-02
3.226000000000000000e+03 2.954507991671562195e-02
3.227000000000000000e+03 2.972305752336978912e-02
3.228000000000000000e+03 2.947300113737583160e-02
3.229000000000000000e+03 2.950440347194671631e-02
3.230000000000000000e+03 2.957778424024581909e-02
3.231000000000000000e+03 2.974231913685798645e-02
3.232000000000000000e+03 2.962134778499603271e-02
3.233000000000000000e+03 2.971331775188446045e-02
3.234000000000000000e+03 2.980409190058708191e-02
3.235000000000000000e+03 2.977185882627964020e-02
3.236000000000000000e+03 2.986357361078262329e-02
3.237000000000000000e+03 3.018423169851303101e-02
3.240000000000000000e+03 3.009831346571445465e-02
3.250000000000000000e+03 2.944520488381385803e-02
3.251000000000000000e+03 2.936144545674324036e-02
3.252000000000000000e+03 2.958960086107254028e-02
3.253000000000000000e+03 2.968080341815948486e-02
3.254000000000000000e+03 2.963586524128913879e-02
3.255000000000000000e+03 2.973570860922336578e-02
3.256000000000000000e+03 2.975852973759174347e-02
3.257000000000000000e+03 2.990523725748062134e-02
3.258000000000000000e+03 2.983043901622295380e-02
3.259000000000000000e+03 2.975757047533988953e-02
3.260000000000000000e+03 2.958109602332115173e-02
3.261000000000000000e+03 2.955021895468235016e-02
3.262000000000000000e+03 2.988681010901927948e-02
3.263000000000000000e+03 3.019899688661098480e-02
3.270000000000000000e+03 2.964426018297672272e-02
3.271000000000000000e+03 2.934627979993820190e-02
3.272000000000000000e+03 2.957190573215484619e-02
3.273000000000000000e+03 2.951133251190185547e-02
3.274000000000000000e+03 2.941743843257427216e-02
3.275000000000000000e+03 2.956059761345386505e-02
3.276000000000000000e+03 2.944115363061428070e-02
3.277000000000000000e+03 2.956189587712287903e-02
3.278000000000000000e+03 2.947661094367504120e-02
3.279000000000000000e+03 2.937689237296581268e-02
3.280000000000000000e+03 2.937859110534191132e-02
3.281000000000000000e+03 2.937702648341655731e-02
3.282000000000000000e+03 2.930302172899246216e-02
3.283000000000000000e+03 2.932644449174404144e-02
3.284000000000000000e+03 2.952458895742893219e-02
3.285000000000000000e+03 2.970805205404758453e-02
3.286000000000000000e+03 2.970091067254543304e-02
3.287000000000000000e+03 2.995043992996215820e-02
3.288000000000000000e+03 3.011419810354709625e-02
3.290000000000000000e+03 2.979661151766777039e-02
3.291000000000000000e+03 2.979728393256664276e-02
3.292000000000000000e+03 2.947993576526641846e-02
3.293000000000000000e+03 2.955566346645355225e-02
3.294000000000000000e+03 2.962852455675601959e-02
3.295000000000000000e+03 2.955600433051586151e-02
3.296000000000000000e+03 2.959950640797615051e-02
3.297000000000000000e+03 2.954890206456184387e-02
3.298000000000000000e+03 2.946125529706478119e-02
3.299000000000000000e+03 2.974668703973293304e-02
3.300000000000000000e+03 3.004438243806362152e-02
3.310000000000000000e+03 3.031424432992935181e-02
3.320000000000000000e+03 3.064919449388980865e-02
3.330000000000000000e+03 3.050664812326431274e-02
3.340000000000000000e+03 2.936405874788761139e-02
3.341000000000000000e+03 2.931356430053710938e-02
3.342000000000000000e+03 2.944525331258773804e-02
3.343000000000000000e+03 2.932696416974067688e-02
3.344000000000000000e+03 2.938576228916645050e-02
3.345000000000000000e+03 2.930422872304916382e-02
3.346000000000000000e+03 2.939695306122303009e-02
3.347000000000000000e+03 2.945395186543464661e-02
3.348000000000000000e+03 2.948652580380439758e-02
3.349000000000000000e+03 2.938462048768997192e-02
3.350000000000000000e+03 2.935815788805484772e-02
3.351000000000000000e+03 2.926488965749740601e-02
3.352000000000000000e+03 2.933946065604686737e-02
3.353000000000000000e+03 2.945292927324771881e-02
3.354000000000000000e+03 2.949210628867149353e-02
3.355000000000000000e+03 2.956954389810562134e-02
3.356000000000000000e+03 2.991219237446784973e-02
3.357000000000000000e+03 2.968043275177478790e-02
3.358000000000000000e+03 2.970879711210727692e-02
3.359000000000000000e+03 2.973951585590839386e-02
3.360000000000000000e+03 2.985594421625137329e-02
3.361000000000000000e+03 2.975342236459255219e-02
3.362000000000000000e+03 3.020041435956954956e-02
3.370000000000000000e+03 3.022649697959423065e-02
3.380000000000000000e+03 3.046886995434761047e-02
3.390000000000000000e+03 3.040737472474575043e-02
3.400000000000000000e+03 2.940731681883335114e-02
3.401000000000000000e+03 2.938583865761756897e-02
3.402000000000000000e+03 2.941588684916496277e-02
3.403000000000000000e+03 2.956572361290454865e-02
3.404000000000000000e+03 2.940909378230571747e-02
3.405000000000000000e+03 2.938103117048740387e-02
3.406000000000000000e+03 2.947954088449478149e-02
3.407000000000000000e+03 2.941657043993473053e-02
3.408000000000000000e+03 2.933847717940807343e-02
3.409000000000000000e+03 2.932684496045112610e-02
3.410000000000000000e+03 2.932652644813060760e-02
3.411000000000000000e+03 2.932557836174964905e-02
3.412000000000000000e+03 2.939314581453800201e-02
3.413000000000000000e+03 2.935554087162017822e-02
3.414000000000000000e+03 2.932162210345268250e-02
3.415000000000000000e+03 2.935918048024177551e-02
3.416000000000000000e+03 2.953961119055747986e-02
3.417000000000000000e+03 2.955525182187557220e-02
3.418000000000000000e+03 2.953764609992504120e-02
3.419000000000000000e+03 2.950090914964675903e-02
3.420000000000000000e+03 2.950257062911987305e-02
3.421000000000000000e+03 2.945329248905181885e-02
3.422000000000000000e+03 2.949720434844493866e-02
3.423000000000000000e+03 2.994850091636180878e-02
3.424000000000000000e+03 3.033924102783203125e-02
3.430000000000000000e+03 3.021498396992683411e-02
3.440000000000000000e+03 2.986655011773109436e-02
3.441000000000000000e+03 2.976300939917564392e-02
3.442000000000000000e+03 2.994247712194919586e-02
3.443000000000000000e+03 2.989867143332958221e-02
3.444000000000000000e+03 2.971424534916877747e-02
3.445000000000000000e+03 2.961015887558460236e-02
3.446000000000000000e+03 2.981205470860004425e-02
3.447000000000000000e+03 2.985176071524620056e-02
3.448000000000000000e+03 3.015346825122833252e-02
3.450000000000000000e+03 2.982380799949169159e-02
3.451000000000000000e+03 2.995418757200241089e-02
3.452000000000000000e+03 2.984086796641349792e-02
3.453000000000000000e+03 2.977986261248588562e-02
3.454000000000000000e+03 3.005653433501720428e-02
3.460000000000000000e+03 2.960654348134994507e-02
3.461000000000000000e+03 2.979909442365169525e-02
3.462000000000000000e+03 2.978776022791862488e-02
3.463000000000000000e+03 2.988260798156261444e-02
3.464000000000000000e+03 2.985577099025249481e-02
3.465000000000000000e+03 3.002039343118667603e-02
3.470000000000000000e+03 3.086008131504058838e-02
3.480000000000000000e+03 3.009131178259849548e-02
3.490000000000000000e+03 2.965431287884712219e-02
3.491000000000000000e+03 2.966067753732204437e-02
3.492000000000000000e+03 2.966506779193878174e-02
3.493000000000000000e+03 2.974125556647777557e-02
3.494000000000000000e+03 2.997200936079025269e-02
3.495000000000000000e+03 2.987521886825561523e-02
3.496000000000000000e+03 2.993298694491386414e-02
3.497000000000000000e+03 2.986452728509902954e-02
3.498000000000000000e+03 2.974513359367847443e-02
3.499000000000000000e+03 2.981926873326301575e-02
3.500000000000000000e+03 2.996396832168102264e-02
3.501000000000000000e+03 2.992933988571166992e-02
3.502000000000000000e+03 2.972307614982128143e-02
3.503000000000000000e+03 2.970704250037670135e-02
3.504000000000000000e+03 3.006778471171855927e-02
3.510000000000000000e+03 2.987790107727050781e-02
3.511000000000000000e+03 2.974463440477848053e-02
3.512000000000000000e+03 2.985959313809871674e-02
3.513000000000000000e+03 3.038751333951950073e-02
3.520000000000000000e+03 2.978338301181793213e-02
3.521000000000000000e+03 2.999382466077804565e-02
3.522000000000000000e+03 3.022848628461360931e-02
3.530000000000000000e+03 3.049825131893157959e-02
3.540000000000000000e+03 3.044516034424304962e-02
3.550000000000000000e+03 3.068286739289760590e-02
3.560000000000000000e+03 2.975545823574066162e-02
3.561000000000000000e+03 2.971063181757926941e-02
3.562000000000000000e+03 2.979222685098648071e-02
3.563000000000000000e+03 2.971481345593929291e-02
3.564000000000000000e+03 2.995553053915500641e-02
3.565000000000000000e+03 2.998072467744350433e-02
3.566000000000000000e+03 2.988185174763202667e-02
3.567000000000000000e+03 3.002187795937061310e-02
3.570000000000000000e+03 2.987781353294849396e-02
3.571000000000000000e+03 2.997890859842300415e-02
3.572000000000000000e+03 3.002748638391494751e-02
3.580000000000000000e+03 2.998764999210834503e-02
3.581000000000000000e+03 2.981186099350452423e-02
3.582000000000000000e+03 2.985015138983726501e-02
3.583000000000000000e+03 3.014653734862804413e-02
3.590000000000000000e+03 2.960631810128688812e-02
3.591000000000000000e+03 2.961428835988044739e-02
3.592000000000000000e+03 2.962979860603809357e-02
3.593000000000000000e+03 2.958537638187408447e-02
3.594000000000000000e+03 2.959804050624370575e-02
3.595000000000000000e+03 2.955171838402748108e-02
3.596000000000000000e+03 2.952731586992740631e-02
3.597000000000000000e+03 2.953501790761947632e-02
3.598000000000000000e+03 2.950585447251796722e-02
3.599000000000000000e+03 2.955760434269905090e-02
3.600000000000000000e+03 2.952312864363193512e-02
3.601000000000000000e+03 2.956842444837093353e-02
3.602000000000000000e+03 2.953400462865829468e-02
3.603000000000000000e+03 2.951787970960140228e-02
3.604000000000000000e+03 2.961377613246440887e-02
3.605000000000000000e+03 2.954918332397937775e-02
3.606000000000000000e+03 2.959781885147094727e-02
3.607000000000000000e+03 2.961119636893272400e-02
3.608000000000000000e+03 2.960470132529735565e-02
3.609000000000000000e+03 2.958019450306892395e-02
3.610000000000000000e+03 2.973300777375698090e-02
3.611000000000000000e+03 2.991432696580886841e-02
3.612000000000000000e+03 2.964761294424533844e-02
3.613000000000000000e+03 2.958164177834987640e-02
3.614000000000000000e+03 2.964078448712825775e-02
3.615000000000000000e+03 2.966078743338584900e-02
3.616000000000000000e+03 2.960970252752304077e-02
3.617000000000000000e+03 2.964762225747108459e-02
3.618000000000000000e+03 2.967605181038379669e-02
3.619000000000000000e+03 2.980867587029933929e-02
3.620000000000000000e+03 2.970731258392333984e-02
3.621000000000000000e+03 2.966369688510894775e-02
3.622000000000000000e+03 2.965594455599784851e-02
3.623000000000000000e+03 2.970605157315731049e-02
3.624000000000000000e+03 2.973185107111930847e-02
3.625000000000000000e+03 2.978527359664440155e-02
3.626000000000000000e+03 2.978464215993881226e-02
3.627000000000000000e+03 2.984525263309478760e-02
3.628000000000000000e+03 3.029724210500717163e-02
3.630000000000000000e+03 3.054609708487987518e-02
3.640000000000000000e+03 3.049405850470066071e-02
3.650000000000000000e+03 2.966860309243202209e-02
3.651000000000000000e+03 2.972021326422691345e-02
3.652000000000000000e+03 2.971212938427925110e-02
3.653000000000000000e+03 2.961688302457332611e-02
3.654000000000000000e+03 2.964976616203784943e-02
3.655000000000000000e+03 2.964583411812782288e-02
3.656000000000000000e+03 2.966990694403648376e-02
3.657000000000000000e+03 2.963662147521972656e-02
3.658000000000000000e+03 2.963642403483390808e-02
3.659000000000000000e+03 2.959479764103889465e-02
3.660000000000000000e+03 2.968621812760829926e-02
3.661000000000000000e+03 2.983831614255905151e-02
3.662000000000000000e+03 2.991215698421001434e-02
3.663000000000000000e+03 2.975717559456825256e-02
3.664000000000000000e+03 2.986074052751064301e-02
3.665000000000000000e+03 2.991041913628578186e-02
3.666000000000000000e+03 3.004305437207221985e-02
3.670000000000000000e+03 3.067305497825145721e-02
3.680000000000000000e+03 2.974037826061248779e-02
3.681000000000000000e+03 2.984037809073925018e-02
3.682000000000000000e+03 2.995458990335464478e-02
3.683000000000000000e+03 2.989123575389385223e-02
3.684000000000000000e+03 2.983908727765083313e-02
3.685000000000000000e+03 2.983000688254833221e-02
3.686000000000000000e+03 2.988752536475658417e-02
3.687000000000000000e+03 2.994923107326030731e-02
3.688000000000000000e+03 3.009494394063949585e-02
3.690000000000000000e+03 2.993720583617687225e-02
3.691000000000000000e+03 3.002483211457729340e-02
3.700000000000000000e+03 3.083425946533679962e-02
3.710000000000000000e+03 3.016865812242031097e-02
3.720000000000000000e+03 3.068957105278968811e-02
3.730000000000000000e+03 3.039751574397087097e-02
3.740000000000000000e+03 3.026932664215564728e-02
3.750000000000000000e+03 2.999156899750232697e-02
3.751000000000000000e+03 2.990292012691497803e-02
3.752000000000000000e+03 2.994992770254611969e-02
3.753000000000000000e+03 3.005398809909820557e-02
3.760000000000000000e+03 2.968249283730983734e-02
3.761000000000000000e+03 2.972171828150749207e-02
3.762000000000000000e+03 2.969314344227313995e-02
3.763000000000000000e+03 2.964983135461807251e-02
3.764000000000000000e+03 2.969174087047576904e-02
3.765000000000000000e+03 2.968961186707019806e-02
3.766000000000000000e+03 2.971543744206428528e-02
3.767000000000000000e+03 2.969365194439888000e-02
3.768000000000000000e+03 2.971070818603038788e-02
3.769000000000000000e+03 2.974029257893562317e-02
3.770000000000000000e+03 2.982393465936183929e-02
3.771000000000000000e+03 2.980487421154975891e-02
3.772000000000000000e+03 2.976443991065025330e-02
3.773000000000000000e+03 2.973013371229171753e-02
3.774000000000000000e+03 2.985045500099658966e-02
3.775000000000000000e+03 2.990583330392837524e-02
3.776000000000000000e+03 2.998849935829639435e-02
3.777000000000000000e+03 3.014161996543407440e-02
3.780000000000000000e+03 3.006411716341972351e-02
3.790000000000000000e+03 3.037750162184238434e-02
3.800000000000000000e+03 3.130971267819404602e-02
3.810000000000000000e+03 3.067882545292377472e-02
3.820000000000000000e+03 3.004786558449268341e-02
3.830000000000000000e+03 3.066899254918098450e-02
3.840000000000000000e+03 3.036438487470149994e-02
3.850000000000000000e+03 3.063176944851875305e-02
3.860000000000000000e+03 3.069111146032810211e-02
3.870000000000000000e+03 3.088816627860069275e-02
3.880000000000000000e+03 3.034650534391403198e-02
3.890000000000000000e+03 3.048328869044780731e-02
3.900000000000000000e+03 3.016041032969951630e-02
3.910000000000000000e+03 3.014991804957389832e-02
3.920000000000000000e+03 3.009416162967681885e-02
3.930000000000000000e+03 3.029538877308368683e-02
3.940000000000000000e+03 2.997801825404167175e-02
3.941000000000000000e+03 2.996028959751129150e-02
3.942000000000000000e+03 3.009659051895141602e-02
3.950000000000000000e+03 3.015054948627948761e-02
3.960000000000000000e+03 3.003596700727939606e-02
3.970000000000000000e+03 3.002391010522842407e-02
3.980000000000000000e+03 3.046651184558868408e-02
3.990000000000000000e+03 3.068882972002029419e-02
4.000000000000000000e+03 3.077764250338077545e-02
4.010000000000000000e+03 3.132066130638122559e-02
4.020000000000000000e+03 3.102415986359119415e-02
4.030000000000000000e+03 3.067613579332828522e-02
4.040000000000000000e+03 3.016802296042442322e-02
4.050000000000000000e+03 3.057046979665756226e-02
4.060000000000000000e+03 3.099010139703750610e-02
4.070000000000000000e+03 3.019837290048599243e-02
4.080000000000000000e+03 3.047434799373149872e-02
4.090000000000000000e+03 3.054712340235710144e-02
4.100000000000000000e+03 3.045672737061977386e-02
4.110000000000000000e+03 3.025518357753753662e-02
4.120000000000000000e+03 3.031393326818943024e-02
4.130000000000000000e+03 3.064812347292900085e-02
4.140000000000000000e+03 3.088666126132011414e-02
4.150000000000000000e+03 3.046229295432567596e-02
4.160000000000000000e+03 3.020789660513401031e-02
4.170000000000000000e+03 3.081879578530788422e-02
4.180000000000000000e+03 3.111342154443264008e-02
4.190000000000000000e+03 3.117729350924491882e-02
4.200000000000000000e+03 3.107210248708724976e-02
4.210000000000000000e+03 3.128503635525703430e-02
4.220000000000000000e+03 3.059419244527816772e-02
4.230000000000000000e+03 3.062710538506507874e-02
4.240000000000000000e+03 3.114105947315692902e-02
4.250000000000000000e+03 3.038364462554454803e-02
4.260000000000000000e+03 3.088894672691822052e-02
4.270000000000000000e+03 3.104496933519840240e-02
4.280000000000000000e+03 3.187994658946990967e-02
4.290000000000000000e+03 3.088224120438098907e-02
4.300000000000000000e+03 3.125458210706710815e-02
4.310000000000000000e+03 3.113324567675590515e-02
4.320000000000000000e+03 3.066676855087280273e-02
4.330000000000000000e+03 3.051965311169624329e-02
4.340000000000000000e+03 3.054384700953960419e-02
4.350000000000000000e+03 3.065084852278232574e-02
4.360000000000000000e+03 3.096036985516548157e-02
4.370000000000000000e+03 3.059226274490356445e-02
4.380000000000000000e+03 3.065376728773117065e-02
4.390000000000000000e+03 3.116331063210964203e-02
4.400000000000000000e+03 3.143835812807083130e-02
4.410000000000000000e+03 3.059756755828857422e-02
4.420000000000000000e+03 3.061680868268013000e-02
4.430000000000000000e+03 3.162887692451477051e-02
4.440000000000000000e+03 3.132137656211853027e-02
4.450000000000000000e+03 3.110971488058567047e-02
4.460000000000000000e+03 3.197802230715751648e-02
4.470000000000000000e+03 3.131134435534477234e-02
4.480000000000000000e+03 3.068664483726024628e-02
4.490000000000000000e+03 3.107628412544727325e-02
4.500000000000000000e+03 3.106615506112575531e-02
4.510000000000000000e+03 3.078493103384971619e-02
4.520000000000000000e+03 3.127980232238769531e-02
4.530000000000000000e+03 3.110644593834877014e-02
4.540000000000000000e+03 3.064131177961826324e-02
4.550000000000000000e+03 3.067625686526298523e-02
4.560000000000000000e+03 3.070794045925140381e-02
4.570000000000000000e+03 3.062449023127555847e-02
4.580000000000000000e+03 3.057488985359668732e-02
4.590000000000000000e+03 3.049430809915065765e-02
4.600000000000000000e+03 3.045124001801013947e-02
4.610000000000000000e+03 3.103987127542495728e-02
4.620000000000000000e+03 3.110498748719692230e-02
4.630000000000000000e+03 3.056652471423149109e-02
4.640000000000000000e+03 3.079569898545742035e-02
4.650000000000000000e+03 3.067352622747421265e-02
4.660000000000000000e+03 3.096565790474414825e-02
4.670000000000000000e+03 3.102660179138183594e-02
4.680000000000000000e+03 3.121221810579299927e-02
4.690000000000000000e+03 3.112956508994102478e-02
4.700000000000000000e+03 3.080991655588150024e-02
4.710000000000000000e+03 3.082732670009136200e-02
4.720000000000000000e+03 3.079066425561904907e-02
4.730000000000000000e+03 3.094420954585075378e-02
4.740000000000000000e+03 3.108551912009716034e-02
4.750000000000000000e+03 3.130389004945755005e-02
4.760000000000000000e+03 3.122357651591300964e-02
4.770000000000000000e+03 3.092014789581298828e-02
4.780000000000000000e+03 3.124228864908218384e-02
4.790000000000000000e+03 3.146218135952949524e-02
4.800000000000000000e+03 3.090237639844417572e-02
4.810000000000000000e+03 3.104376792907714844e-02
4.820000000000000000e+03 3.224128857254981995e-02
4.830000000000000000e+03 3.079007938504219055e-02
4.840000000000000000e+03 3.117120824754238129e-02
4.850000000000000000e+03 3.132439032196998596e-02
4.860000000000000000e+03 3.106347844004631042e-02
4.870000000000000000e+03 3.065099194645881653e-02
4.880000000000000000e+03 3.057510405778884888e-02
4.890000000000000000e+03 3.122558631002902985e-02
4.900000000000000000e+03 3.091831877827644348e-02
4.910000000000000000e+03 3.069210983812808990e-02
4.920000000000000000e+03 3.052812628448009491e-02
4.930000000000000000e+03 3.053484484553337097e-02
4.940000000000000000e+03 3.097019903361797333e-02
4.950000000000000000e+03 3.083870001137256622e-02
4.960000000000000000e+03 3.080132044851779938e-02
4.970000000000000000e+03 3.107587993144989014e-02
4.980000000000000000e+03 3.066628985106945038e-02
4.990000000000000000e+03 3.071794658899307251e-02
5.000000000000000000e+03 3.055563941597938538e-02
